6920
7009
297
2254
313
4154
2683
4334
7245
149
7287
2427
3428
4307
5161
4601
4390
8677
6617
8195
4598
7471
5582
452
2636
864
3180
1498
3152
184
7208
8700
4399
3836
2413
4097
1185
8592
7072
8508
2246
8741
917
8726
1126
6534
2037
8465
2267
4320
7564
5263
5382
3507
6594
6199
1067
7388
787
6487
3247
6212
823
8045
2644
1171
8661
2179
6162
2099
1871
2230
6181
478
6645
5938
3091
4143
1621
1385
2718
1231
56
1602
2484
8294
8168
77
5786
7956
1676
5470
5649
6460
377
2579
5651
4726
5221
2185
5331
5438
5287
6099
5290
1611
5908
8381
6690
7263
657
3114
7462
7906
3713
1408
8402
3092
6915
5127
1246
804
4465
189
2752
5206
4911
6475
5802
1312
2697
6584
7372
5077
7597
4604
777
4656
1009
2081
1862
5430
8036
3473
5810
1346
6029
859
1104
2705
2701
2792
5964
5937
4558
7529
5541
2511
7109
1566
7066
6339
2046
2404
2811
7860
6669
7401
2690
8624
7201
5803
5456
6745
3515
6772
6070
1633
3555
1950
6461
3835
2117
1745
8213
8405
8227
5586
417
6503
6351
3144
7392
6760
6773
6409
303
3021
7632
7889
2812
449
6343
1673
4524
6348
2140
4738
4773
8532
6991
6578
1813
2448
2066
2294
6839
7543
2504
6249
4926
3104
1740
5503
3881
6301
6130
3479
1829
7197
7981
1121
262
1584
5141
1186
6077
6371
1859
476
8198
3109
3834
4812
2724
922
7093
8323
3876
6887
1684
3379
5941
7147
4131
7349
4970
7335
4835
7253
3603
3387
188
569
6136
5268
8184
6416
6754
665
7446
6241
530
3333
3686
699
6781
7150
1113
5550
249
1758
3386
8427
3233
7312
2483
2165
6580
7163
6946
2608
5637
7833
2078
774
3329
8363
2070
7224
7758
1456
6173
6190
7999
5388
4966
2709
5787
2618
599
7767
8387
2828
1442
7840
3898
7255
2193
5009
2067
6114
5815
1948
8594
556
4863
8293
8303
2455
3857
834
6194
8149
2011
6805
7321
499
725
1165
7291
2223
4077
1966
2433
2038
7055
1528
875
6332
2597
3032
5967
3294
8701
6823
4313
7631
5427
4522
5005
5987
5873
4818
5024
5795
7281
3528
7549
7231
4472
879
2989
4969
1674
5640
2019
1238
6759
6891
4203
7449
161
5087
321
5296
392
3230
3889
3579
7517
5130
2314
2465
715
3490
7862
1323
6833
105
3864
1183
7709
8069
284
3022
2776
2855
4534
7557
3306
7076
2612
7151
6755
1344
814
2320
2411
4576
4557
7793
3700
134
5570
1709
8389
5520
3031
2101
8046
7584
3878
1425
4650
1604
8514
824
6054
4555
2780
5573
7465
351
2186
1135
2543
2159
1788
7955
3557
435
4300
6086
836
632
5867
6245
5863
4989
4968
570
4453
1092
3664
2559
6835
4067
6502
7229
8742
1582
4126
5453
5932
2722
4039
5411
6819
3225
71
5069
987
3317
4556
7995
3998
3156
3693
6768
797
53
7731
8453
6389
1622
4359
2921
576
3007
4854
1079
8685
5408
472
5760
1825
7950
6294
7679
85
2531
2138
8100
6614
8619
7980
2707
8639
6407
7659
5916
7570
912
684
4672
1038
2782
3673
7628
2414
3335
2721
8518
6485
6896
2789
2403
2054
5325
7736
952
1855
200
5670
1352
5943
7118
7348
3396
4340
3452
4899
1784
4376
4345
1666
5008
5661
3862
5073
6720
6673
2907
2548
2710
1960
1889
7982
4124
3121
1894
1929
5824
4023
6154
4321
2691
1994
2635
3253
8238
1694
3802
3986
5442
3082
7507
1096
7871
3229
6988
1011
4130
3990
242
688
6533
3459
5373
3005
2336
3220
210
7538
4366
3612
842
8043
3992
5578
5883
5122
7595
5346
422
6002
1007
138
4952
1993
4187
4358
7550
1976
8457
7482
3067
2519
6727
3708
6709
5759
4594
539
512
5723
4158
2071
1150
1026
397
2256
7308
3036
5342
8410
4070
2341
6783
946
3871
5162
2187
7832
8132
6170
8493
4401
1759
3647
6464
372
972
7881
2961
2006
3168
7268
8140
5561
2232
7351
852
8417
2813
3925
5020
7800
1364
2326
6395
8528
8696
4872
7423
3622
6458
2502
7016
7431
1036
1626
979
3962
8650
6979
5949
5589
2954
7534
2494
3205
4657
365
1793
2213
3376
6758
6847
182
7474
3646
1330
8613
6621
7353
3016
1555
4262
7750
8083
3175
3403
4881
6019
2688
4648
1449
4278
850
999
147
7218
1433
8202
1646
8270
772
909
4046
4710
1786
3959
8072
8236
3065
4715
4217
251
3754
835
1821
4593
270
2155
902
7233
5229
4852
2197
4666
6790
2094
3059
6585
957
5428
2910
6391
8130
1857
7710
6563
1936
5150
3981
5014
7885
8443
3656
4301
6904
7410
5535
1518
6375
4945
5876
4753
2774
4344
8002
2556
4878
1507
2773
1321
2888
7286
4934
8146
4560
4879
7752
4101
7566
2160
1486
6958
6153
1102
7461
6837
5870
2756
8438
5614
5933
8499
3300
1430
7875
3194
3913
8295
7673
4324
3496
3435
1169
3282
2328
1847
5894
6308
1967
4942
8485
157
5978
8715
3299
5989
5696
2125
5086
8300
6741
3283
1091
253
6692
8121
8581
1618
5246
2904
2885
4277
7830
1860
5913
8501
5372
2464
3482
8044
4537
6096
2263
1462
4994
4701
4757
1383
5726
4718
7453
3953
981
7204
2308
3137
3968
1098
701
3977
6179
3899
1282
1551
4498
2965
1083
5521
7930
5371
5230
2109
4745
5682
6676
7539
507
5241
5312
6555
5915
7770
7018
2209
202
534
1063
751
4225
1727
2366
7488
5890
2214
3293
7148
5406
2004
4389
1491
6307
6820
4821
8245
6216
8589
6006
2950
7850
5107
3287
3902
2909
1600
8221
4397
8464
1790
6182
7420
5835
2851
6696
967
2693
1120
5329
2224
8549
2002
5165
6059
4937
5095
1428
2761
2137
5652
3542
6921
6406
7695
3328
7505
5587
5609
2236
7666
8358
3474
430
3324
6163
825
2850
4330
1752
5463
1678
6586
5402
8224
443
858
1439
6764
8658
4975
4830
6420
5724
1543
7006
6419
8158
1033
7908
7295
7771
3641
5975
7166
7023
4706
8280
5460
4904
3982
6935
645
2586
447
1792
2321
572
2919
3058
1506
1411
1479
8047
2113
7015
3829
66
8460
6795
2044
1612
458
8398
4424
4066
3362
2871
8509
8513
4194
1086
2805
2777
4026
8007
8278
6672
4903
8440
5131
4098
2097
5282
4234
1856
3709
4406
1000
3702
2634
4517
3440
3051
2784
3064
186
6980
3450
953
5566
3680
3322
1710
8018
4386
5654
4144
6743
6396
6550
5743
7654
4841
949
3803
4620
6734
7610
4880
752
1020
7972
4087
6363
1858
4608
5202
3544
359
7841
2305
720
2712
8496
635
4562
1661
6462
628
3759
566
7121
7381
8150
2649
1589
7898
6155
6429
7417
1125
978
1754
7012
1716
6512
8548
5596
2437
2051
5618
6230
6633
8177
1233
3773
5244
939
6165
4064
7747
7060
3955
6697
1288
3049
2908
807
5334
245
1353
4569
673
1066
5740
5819
567
644
7154
5491
5820
898
7159
6538
4847
6013
6746
484
4943
1245
6493
11
8200
4514
6312
601
1791
41
848
477
634
2760
5780
580
4149
2687
7371
8313
5957
2153
5154
3250
3621
3683
63
2807
6620
2196
6204
4204
6088
1606
8153
2991
7073
3009
7913
3983
329
7158
3003
1347
5361
6226
6582
7319
7379
517
3517
944
8088
3552
7343
2526
7469
496
2015
6298
2498
151
3856
973
536
5722
5333
3077
4774
232
7077
2996
3113
2838
840
5889
3559
388
3297
8348
8347
3638
6751
2530
4048
8139
2837
1073
1176
3618
5673
7104
5800
3859
1571
8552
4011
5834
7701
6150
2918
7555
1657
7697
1291
6625
5762
2436
5393
1811
6108
1236
4680
4615
2731
4618
8310
609
5608
7132
993
5879
8108
2999
6442
2714
3298
2136
8456
6132
6431
4450
4541
4539
7247
3537
2152
4029
8266
4922
6257
4370
3119
4574
1019
2368
7341
7470
3132
7693
4590
5172
7929
2900
3125
6876
6657
3265
412
1191
190
1273
8349
1915
6183
6228
309
2029
8031
5645
4264
8583
2249
6404
2826
6909
3197
756
5410
7867
5909
8279
7569
4633
7924
3189
2913
4660
5875
8595
5059
833
7380
4193
6144
5289
5225
6347
8574
0
5355
5434
5563
921
5862
500
2201
5256
1014
7858
319
1030
6024
4683
1258
7123
7135
3588
6628
1949
6201
4510
1052
8491
5864
2998
2733
5977
1279
1595
6225
3602
115
6792
5874
1031
5250
1221
5409
1474
4191
5308
5401
5657
2719
7947
728
1675
6718
2059
2457
3697
7108
5219
1747
960
1237
1234
5400
5568
1864
6981
1887
4682
3505
60
6545
7222
8321
7791
3762
7546
4585
76
995
2766
4421
5124
335
3353
4034
5157
7477
2033
8454
5837
4724
2064
6995
1056
3676
1943
741
3398
2518
696
2890
4961
144
2295
6733
6777
4252
8600
7703
6848
7088
8061
1105
2095
7485
6243
6605
7513
6939
316
1373
4434
2238
6552
6044
8391
6436
2031
6126
5636
7620
8527
2698
2836
7264
3094
6649
4281
2513
7078
5630
8494
4425
6498
2534
2593
3055
3840
1935
6799
1480
2047
440
3816
6392
4387
1085
7373
1748
4028
7049
7456
5369
8671
5148
2206
694
6021
8415
3625
7382
3232
6340
2759
4714
7051
494
6411
7653
7674
2916
8672
1698
2034
6662
1274
2934
4794
4705
2615
6961
3999
2425
6366
2234
1499
1565
27
3292
7992
6134
4855
1436
8319
3272
7364
1870
1348
5185
4436
6357
5539
2124
7445
5844
2257
1267
1196
6046
1841
5907
697
2024
2184
4819
4506
1538
5715
5180
6413
6894
4032
3382
3688
8212
7785
4175
2629
5098
2820
1963
5691
3748
5731
6008
8480
278
1054
1617
3027
740
865
3223
3303
4136
5275
7102
3146
7900
966
3112
7040
2211
2479
6944
123
4770
7183
1460
5036
7105
861
5791
933
5120
3439
828
5378
4566
5013
1216
790
2393
4018
2473
8118
2650
2762
7581
5137
4447
3093
3131
407
406
6579
445
1652
1505
5851
2356
2253
4238
3596
1846
5845
2055
7122
4483
1851
3747
6192
7921
7987
8692
8573
3336
2175
6632
1441
3780
481
8718
8296
7293
2418
2587
3204
3848
4461
2959
8054
5494
4452
6952
1707
8216
5307
4981
425
276
7181
821
6916
5135
59
4659
5286
5895
7149
5201
2848
3965
3670
8411
2495
6500
3264
3360
4629
3422
3311
1580
7711
4030
3188
1281
7493
7128
4502
2602
4025
1510
3024
6093
4488
3651
3894
1704
7789
7694
3420
700
5315
1822
8143
1782
2802
8147
2104
8452
5471
3141
3793
3674
2264
5960
7757
1075
6707
937
8435
2800
1099
4159
1940
1577
6069
5311
8537
8120
3214
7041
4587
64
6444
3105
1964
4725
2106
2994
2815
5784
8665
605
6310
3
2100
3973
867
8024
2444
1556
6003
5068
413
2242
7749
5942
7651
6598
1493
4669
3511
900
5074
2282
8392
5736
5698
1294
3185
3120
4636
5727
3378
4900
7700
4179
4464
2695
2520
7635
4007
2244
8253
6083
3285
3895
2942
2389
2840
2736
1254
2127
6917
1370
3291
7768
8580
6796
5662
5182
6791
709
4417
1494
6996
1638
5505
3851
3351
674
2578
5101
15
6247
7258
310
1087
8712
7409
2358
811
6176
3891
403
5592
4544
4742
7239
6664
2315
4451
8384
2822
8598
1836
8441
5297
7347
1549
5064
3516
35
2325
7190
3183
6383
5047
5744
1736
2877
3044
5748
3714
8315
2872
1969
5695
5955
6810
1016
5648
8339
1084
2790
2525
7958
7639
7475
3565
8623
2208
4985
3237
3563
5166
1944
7574
6303
6379
272
1362
3061
5075
2057
1145
3626
3577
7083
1849
7644
3573
6987
193
1157
6158
2049
2876
3343
3445
2348
7643
2194
2462
1715
7552
5956
6763
2506
3039
2948
1010
7338
4020
7221
4864
7587
5023
5213
8351
5354
3409
3710
384
183
6770
6994
3163
6202
4525
51
5199
671
4606
6531
3448
8249
4349
8447
3997
4507
6474
4335
8166
1980
8566
4226
906
8033
8331
3824
984
3980
2007
8360
3202
8691
343
4771
3833
291
131
6691
6999
7227
7797
961
4654
837
770
1308
4959
2505
4200
723
1397
2739
4915
3903
2936
6316
2896
2607
7846
6644
5690
1845
4953
5237
2265
1562
5435
99
7416
6399
1835
7075
2827
7766
4834
8133
1773
2121
3212
4093
1426
2809
7013
7184
8404
8590
2391
6562
235
4309
8419
8338
3712
1006
1467
8655
4572
8122
4073
1824
3614
6382
7002
3593
5203
8176
1350
3906
2231
6587
6867
1351
3910
7677
7945
7206
6014
2225
5021
2392
7360
5187
4678
429
2276
6104
3798
61
7029
1278
3531
3219
2866
5337
4156
1585
3485
6775
3978
8547
7863
2410
695
1213
6834
4613
8211
1662
6196
7996
6445
1293
4914
626
6998
6219
4632
7580
4805
5659
1041
6889
16
1298
6581
2627
6701
354
1928
1812
3671
5050
3488
5617
6918
7533
8203
3609
6992
2417
4925
6875
2107
871
1523
471
8572
7080
5893
3166
268
7648
4605
4114
6038
4485
8251
3457
7346
795
2334
1002
7573
970
2911
3788
1489
1563
414
4469
7887
806
5245
4231
2874
524
1422
4622
5939
1536
5626
4459
4713
7084
1340
1999
4293
3286
8030
3221
3613
4110
838
7967
7020
2537
4052
5856
4929
3779
4564
6408
6280
2653
3159
7153
1074
4807
7399
6742
7895
4581
37
4090
113
4102
3582
4479
2799
3767
2370
6636
6774
7535
1695
5472
5045
4403
3465
2646
5093
4393
6924
8397
4844
3808
1154
4069
7723
815
1534
446
5774
1501
104
5279
5733
1692
7664
3405
80
8187
456
6801
682
951
5294
8201
754
1805
8248
1446
607
178
8116
2269
7370
958
928
6049
3124
6405
3117
4125
3940
405
6974
5191
2887
6205
2035
4641
622
7418
3155
7024
2430
5788
5906
1062
7225
58
6507
1956
1256
8643
455
460
8297
7439
2289
869
4107
3458
8687
1339
5551
7429
5822
5562
8539
2842
6135
547
6222
3580
1583
7358
2958
5217
7466
1235
5266
676
1763
8328
2847
282
8091
4268
6335
5914
4949
3689
3985
7248
6748
8640
7829
3888
1761
1640
8123
6255
5901
8463
8064
4180
636
379
7161
744
3413
7971
7415
194
611
6434
6494
8326
1636
6499
2290
5808
2005
8588
401
3310
8635
543
4157
118
5972
2793
3957
8399
3827
5002
3826
4041
4182
2183
4306
4402
8134
2350
2765
4295
4271
3874
817
6899
4474
7387
8618
4947
4394
5455
121
6224
8540
2447
584
7457
2596
5565
1706
1391
6747
2545
7458
3769
4799
7986
2508
2443
1198
7131
4398
469
5174
5113
559
5288
7504
1898
7728
7547
95
6344
6615
8706
5747
4888
5125
6433
7817
2333
6377
3937
400
2532
8524
6559
1296
3260
4120
7804
5134
8664
3361
444
2829
2446
2229
1775
564
8357
4287
5892
5399
6469
3116
560
7796
6977
1361
8023
4955
5240
5671
1997
1
3084
7516
6779
5882
1392
4642
4063
623
3493
2129
4367
1629
3330
4513
1269
4
792
3033
1380
4956
4531
7903
98
376
6654
1641
4106
6497
903
7681
6684
386
3500
1766
5925
554
7491
2979
1830
5188
3938
4759
2673
370
7820
6549
498
2156
7853
3497
6843
4575
8564
5823
2803
6989
3949
3637
5988
2940
1090
7425
1252
2594
3784
6483
3897
4138
8626
1891
8256
6139
4749
1406
8263
7837
1218
4804
3312
5990
6901
7398
5585
164
655
1048
3280
6071
7125
6246
221
7540
5030
3486
1820
7094
8275
4192
326
5450
255
974
5917
1440
3921
6788
980
6188
5349
2074
3210
5832
8680
1390
3690
4109
7973
8194
5926
5090
234
4611
2354
2539
233
2955
7760
6886
1046
4119
1680
6589
4160
1579
2468
5522
3288
3087
7394
748
8445
6973
5887
4623
1326
4099
2331
4368
7816
7864
2935
7499
6735
6142
6868
2853
6784
4986
1368
1285
4635
4079
7304
6113
4016
7585
5099
2903
1630
4518
3207
862
6010
3042
3350
5146
766
218
3060
711
2604
2274
1142
1988
5629
5852
633
5638
1886
3514
4201
2540
7979
7717
5433
2641
7384
6908
4577
7586
6320
2227
1823
8645
7656
3150
363
522
1055
4213
7266
5965
5149
4230
448
7647
6164
6515
7641
6561
5291
5530
2284
4817
4828
6213
7714
5533
7605
2528
4282
4729
4354
5921
6508
2632
2461
8223
30
3245
1743
2176
8686
5620
8332
969
4362
1379
7957
1336
2365
4950
3818
254
1242
4621
4754
3572
7692
6797
968
5495
3192
4793
2485
8666
6971
1914
7305
727
6627
5847
5357
5233
3540
7805
6269
185
3443
6258
4686
8717
7350
1799
1569
8458
690
7137
8520
3645
3172
7822
1883
574
487
6842
6622
2679
2126
4121
8341
6373
4924
7279
1371
4896
7878
7732
3679
1229
6015
6215
431
8407
4559
8628
2361
1738
1772
152
2379
6708
7645
5721
4827
3203
4356
6047
8114
7385
2928
5529
7390
5426
228
2647
4931
4568
2561
5831
5103
1744
6630
4183
5468
4111
6736
1327
5358
1545
2394
7807
6110
4161
3243
509
5387
6557
5058
6331
8089
2573
1814
6574
8218
2233
5981
5483
6283
3639
5868
6877
1995
1977
686
714
7283
7324
7459
2275
1226
5108
808
4396
7873
8474
3611
4363
3804
3632
856
1334
3685
8101
6700
1223
4919
6198
6732
1212
1080
4602
7542
3879
6603
3733
6256
3279
6459
1946
3296
2862
3512
8205
3543
2727
1750
10
3628
2359
7788
6722
5419
8102
882
7389
3781
4813
436
283
8388
4211
8028
7173
941
1192
70
5351
5702
7578
2375
897
4311
8562
8412
79
5656
5332
7424
402
75
8634
5195
2899
4202
7232
4790
5888
1828
1724
8725
7627
6757
217
5394
4395
1476
4768
4785
7593
72
3215
2963
4538
7527
3740
1110
5140
5677
2079
8307
2605
4014
7810
1177
526
6
6368
8110
1703
5116
3304
4388
6911
2941
8396
8228
6520
3462
1303
1885
884
2466
5773
7756
1180
390
375
7395
8449
7311
5528
7548
2968
1968
816
8521
7411
33
4643
8542
2974
4258
1564
1908
1161
8478
8308
5712
7217
7310
107
1398
2405
2115
5898
6726
4210
3763
6229
6558
1524
172
4758
7851
7514
7357
1932
4346
2817
2114
7089
1118
3951
3728
305
6115
515
5627
3567
8099
8192
1172
3820
2585
8085
3148
5944
4491
8210
6074
1905
4196
2591
4369
5872
5817
1225
5052
3258
5995
1832
7518
83
4189
646
4946
4033
8019
4740
6254
8390
7210
2025
4178
14
6564
4597
6318
5271
4933
5006
6369
7702
6668
3866
6106
6297
8040
5155
8442
4113
1514
229
2245
6844
4002
6670
3227
760
4842
7365
4698
5809
3478
5421
1232
531
934
546
6546
7532
1410
975
7808
5905
7590
7079
2870
4939
2638
1076
7269
3326
7177
3037
6849
1962
4115
1865
2747
3704
8364
2085
6872
322
5704
6151
5437
6217
5575
4454
7592
2471
7260
7842
4103
5996
7172
8136
2453
1116
6986
8090
8470
2174
2944
2395
2620
411
8617
2162
2564
7764
5365
246
5605
6818
6866
3996
2925
2451
7688
5239
6749
1071
7882
1053
889
8515
3524
358
6052
6354
3453
3526
8386
8683
6610
8469
5807
5564
6804
6827
2387
199
6570
7
565
4850
4977
4420
1735
3375
2507
5062
5632
1190
4816
8191
4092
6387
434
877
6058
5029
5082
7334
5997
1826
2
3011
5032
2120
5200
1730
5253
8104
8714
6079
4936
6214
5840
5481
2292
4318
8342
3658
6712
3301
2692
1435
2380
2601
1839
1193
1189
7818
5508
38
7725
7315
1127
1299
1957
5422
6353
2268
7799
3939
528
4898
7918
3079
1588
6695
8606
2215
4331
5658
5532
3130
1607
3794
2772
8553
2291
2933
5209
4243
1420
4372
1003
1112
1797
5078
4251
2330
8334
3020
544
1401
6360
6864
1689
1214
6300
1958
3861
2286
8148
62
8721
488
2868
5039
2386
5353
4296
4286
4288
1363
5144
7559
1160
4655
4616
4054
3912
5993
8646
6519
1973
1044
3126
4857
3629
5601
5839
3277
3936
8425
1568
7969
7053
841
7831
6814
3757
3242
6652
7496
553
3744
7729
3170
2977
6822
420
8534
5462
1876
2706
6858
5846
3139
7359
3066
8702
4314
4473
1559
708
4867
7960
7604
2824
5610
8571
7434
6131
4492
1272
3930
4702
5105
555
5163
4435
7042
8117
936
920
2302
6206
2313
6456
1257
3138
8009
4520
4515
6767
2902
1953
8698
594
1631
5930
4172
8679
4167
125
5458
175
5665
8013
3648
4826
8037
7113
4695
8225
1544
6548
1155
7246
1911
6250
3136
4036
2971
6853
6516
3436
4024
2631
5081
5026
5194
5398
2050
7133
1418
4215
5414
4906
7990
211
2521
4065
1045
5970
5672
5912
8599
5980
750
8076
7124
7309
7139
3206
661
5461
7839
3823
2116
997
4006
2581
1560
656
2251
8682
4809
2316
355
6905
6902
7925
4501
5281
4045
4951
5278
5741
747
4409
4218
1819
1119
7391
6704
5260
213
191
5903
2694
5679
312
6489
317
2311
5681
7145
480
3715
3467
5607
5025
3083
8
7377
269
6618
1800
3908
2949
2429
677
3222
7661
4001
8109
4255
4787
988
1459
4220
6302
7802
391
4285
6421
8512
3578
1572
2020
7058
5389
2656
7618
4456
3691
3115
3167
48
1163
4017
8705
5004
4031
2598
8167
5018
465
3377
1916
749
2169
7778
7052
6880
8172
3415
1925
2663
4112
2592
668
582
7454
2567
8498
8250
4145
4418
8413
6635
5603
1532
3273
5552
6821
6523
6832
4094
1039
8125
6356
2990
3699
1290
542
1342
4257
6569
5669
5011
506
7734
4694
4772
4361
1627
1896
2459
84
548
685
1597
4004
5848
7367
1280
8141
6262
4128
6039
6583
1228
8625
6624
2128
4325
8206
1319
7486
8305
4423
7588
5054
1731
6425
1201
1987
8434
3406
5391
5038
8105
3911
3308
3323
247
1209
3756
1762
5621
575
6509
3472
1313
1933
7974
2133
6211
6840
2854
6380
3584
4407
6465
3484
5849
336
7400
4972
3727
9
4645
745
4927
5272
6513
7932
2967
8070
3966
7751
8032
1959
629
652
139
3404
6231
6427
8124
2053
2609
5534
349
4877
92
866
3338
3431
7622
2810
3570
3048
562
782
7428
990
2167
2611
3521
250
2952
1289
6402
263
819
5492
805
1023
3695
8735
6478
6295
6730
8175
5091
5205
4338
5753
6091
467
1333
2142
1741
6293
241
707
2397
314
2895
3923
2814
1130
7909
557
1134
1540
1210
4995
7008
894
8298
366
1567
2622
8466
2946
8355
1103
7801
6681
7919
6085
3797
6350
5667
1457
8243
8400
6553
8716
3489
7911
2278
7772
1854
7964
3073
6816
2039
2666
5096
3078
6529
21
5446
1833
6601
7068
6342
620
6265
6240
3149
215
3208
166
8591
5569
7330
7406
6969
7021
6554
3040
4553
3597
7290
3749
8380
888
4528
3845
5258
7939
3430
486
8063
7730
5386
7508
2012
6937
6048
1240
1610
2744
2914
8142
5928
6118
1381
4547
3235
1251
4377
2861
2043
1452
809
8703
5911
7007
8092
4589
454
2083
6451
8336
7182
6289
5735
5709
8103
8375
5838
5794
50
3494
5538
5553
2863
8084
3590
6950
3796
6639
5769
2616
7762
6084
1802
1796
6299
4476
7074
1650
6634
4139
5771
4269
6082
2588
1027
3358
1581
4762
3811
126
3095
8368
2732
7036
2937
6060
2825
5639
1795
46
7039
3315
3041
7362
7577
692
3000
2993
3640
5953
3987
1809
7530
3886
3682
4134
7520
2839
5345
6095
6573
775
2742
2134
1991
5126
8011
7658
5176
5543
3723
2454
895
5790
5363
3417
280
4291
2307
1194
2262
5619
6005
4960
418
4814
6177
3143
1202
6441
3001
3499
6626
3755
5687
192
2553
7219
1122
2068
5801
1396
3469
3877
1879
3519
6471
8215
1919
5841
6941
6251
8406
3931
6025
4385
8710
4719
8235
3732
130
1088
3364
2319
6195
1888
396
7317
5742
7765
3776
4610
8584
5243
1174
3118
8327
318
7798
6871
8229
1717
1637
3995
731
4638
8689
5084
4274
6769
2271
7524
5316
6146
2281
6267
5519
7561
4038
729
8507
7934
8208
6266
5070
7099
8106
2628
3252
6145
7855
6807
7892
2590
5513
5207
929
6248
8483
2181
2864
8708
1447
1726
7430
3667
3111
6646
5785
6771
4628
5405
2500
5061
7836
7464
4263
6963
1842
1082
356
7598
8272
3787
8230
2677
8252
5814
3975
2239
4236
4978
2951
590
5473
5664
7175
4343
3551
330
4184
1429
3363
619
1924
4865
6290
7657
3153
1377
6285
8711
4302
5577
8373
3176
6001
8536
6328
2584
6675
8694
5692
1667
2279
7085
971
4322
8429
2529
1521
812
3385
5403
2669
3729
5674
1658
3263
5777
1164
6656
7667
2472
3454
2783
7952
8724
7168
8611
2704
2399
2112
7050
7005
6187
7978
6514
6418
2859
4551
2488
3678
5537
4542
8423
801
7636
4993
5772
2897
915
2141
4974
2352
1078
5655
776
1250
3129
5644
7876
5827
3575
7589
1920
8538
2723
6544
6031
7062
8190
4059
4497
1603
6028
7775
7857
1635
119
2041
387
2135
1309
6333
1756
462
1287
501
1770
624
2016
1328
116
822
4836
5112
1338
6292
160
3089
2445
7271
8071
3340
3843
7484
5267
6643
2757
334
8495
7473
4631
8027
4764
885
8152
6990
8260
4908
148
5628
114
3630
7186
8042
7195
179
4591
7476
1912
5557
1302
687
1159
1801
8113
438
3201
1239
4328
8281
603
5877
5500
3915
3135
2401
383
7031
2118
3541
1644
6220
7374
2347
7940
6026
1388
4997
8693
4503
1503
5344
6081
4651
7284
382
1648
1158
7596
7344
78
2982
658
5858
2835
1620
2318
8262
5449
691
2023
2219
7207
7886
7300
8541
2992
7763
1484
653
2630
2077
1432
7545
3583
8704
4137
2131
4797
32
4323
2297
2700
5327
389
6938
2808
2148
3684
5238
227
4373
1205
893
1628
7294
7670
6660
4141
7989
6985
4778
442
3847
8080
4988
4082
3424
4049
6036
4739
552
3314
1450
1608
2558
2930
540
6731
5613
1632
140
4350
3034
4244
4155
4381
6023
598
6479
5152
523
3480
2072
5379
3734
6027
5680
3154
4567
3770
6537
5549
5220
3675
1264
4692
1365
8576
7500
881
8605
5465
5356
2753
333
5752
7455
1051
3722
7130
6955
3947
1699
7136
6878
7100
5362
800
4788
6716
5255
7650
52
8648
3819
2198
2293
4165
6087
7169
2377
7298
1047
2086
8730
1798
4940
1701
7236
669
2781
6530
3731
6593
3151
3716
4767
7191
7786
8155
2860
7356
8049
3587
7180
6895
2013
4237
5384
4619
4731
7726
8740
2372
331
220
5634
3108
8490
5685
1311
6184
4076
8165
6317
6913
3954
1004
7262
1681
873
8182
6349
2478
7826
8673
7782
3018
4482
7722
2052
1382
5235
4208
2200
2901
4612
8448
3028
6517
802
226
6873
5833
767
2569
5106
1268
3290
910
1259
2675
502
6169
7322
8659
2362
7238
2259
5590
2475
3483
3920
2487
8261
2743
3099
4626
654
1207
7435
4303
1682
5986
8301
2030
7720
5498
2144
2983
6237
1982
3275
3795
1060
4219
3344
8197
2000
4600
6903
5737
7904
292
1552
2363
7285
7144
2285
6484
7821
7917
350
8115
8188
8436
7412
7884
2084
1850
4327
1642
8369
7216
7852
4728
1971
3672
2969
8058
4789
3746
8568
679
8707
2272
4448
8488
8222
6521
7478
6705
8420
8563
5007
8156
2385
4677
2920
5624
4800
8451
3961
4782
6159
7755
3476
8276
5367
8471
5115
8719
3380
2080
1375
730
7944
3307
1742
4222
4941
6606
6454
6439
1601
3255
8681
5181
6422
844
128
6143
7318
1492
146
4869
2058
6282
6609
4062
2536
6367
4181
2550
6527
1366
6964
8271
2017
6962
2353
1314
8607
7297
2801
3389
1243
4455
965
8219
7704
6284
295
4347
8395
4336
2795
3839
1241
3863
1985
8233
5119
8073
5412
2420
5350
4630
4982
6362
6931
5218
7961
2715
8461
3786
8309
8014
2708
6947
2247
853
2482
4360
7510
7489
1451
2997
8674
5048
8356
7897
8231
704
7022
3181
6352
2713
6984
5734
5175
6828
2082
6780
7369
1884
5347
7366
5813
5404
7483
1463
6547
1578
7965
3123
6394
6311
1443
8330
328
6232
3616
8587
1808
3236
5947
8684
4438
2301
4803
7288
6518
6506
2678
6040
2317
7032
8481
285
6914
1445
3814
8644
3901
6235
843
1152
8431
8727
6200
5716
5805
6813
3325
613
5377
4047
5441
8555
3319
5055
4005
5259
2845
6273
6007
6042
2161
1472
586
1029
4661
2674
474
7998
4188
5866
6888
4586
2470
3810
206
5524
6100
106
5660
8164
5934
6372
2419
409
6346
110
7506
3257
5215
855
631
6802
2741
5117
1688
1058
6906
3585
4051
2849
4241
5711
1162
7223
3425
6365
6488
5860
7383
6443
332
8353
3085
4078
7167
6907
2681
1324
2460
7432
5049
3724
4526
4342
5343
6756
159
4275
2867
1416
6112
8739
4675
1951
7591
2768
8569
5374
3101
4720
3035
31
6491
3989
7332
2884
1998
954
5457
6505
4207
1300
2009
3971
4481
1032
6522
8181
532
5436
7034
8444
7468
5158
2342
1930
778
5576
3800
6943
5927
4339
7234
6161
5527
1355
7244
7847
3535
781
8344
473
7267
3383
1081
5088
6588
419
3429
4884
2073
886
7098
3554
4050
2449
5512
5798
7571
1591
6148
5303
3636
5811
2763
3574
3063
5547
7519
4760
5694
8325
5041
6180
7117
1837
5284
4055
1402
1204
2734
7941
3631
1720
5319
6361
3849
6051
2056
17
4891
154
6197
3605
5232
2018
7422
5448
3337
3907
8688
3831
8258
7844
733
8733
3029
7026
5920
2738
7866
5474
6174
583
1182
1685
891
8209
887
4935
3850
3854
2360
3397
7556
6540
1596
4893
5123
7783
1890
5397
4578
6699
8180
421
5114
8129
519
5869
742
8504
7059
4163
2090
7899
2323
5001
495
1286
518
6890
2163
5089
6092
4256
4440
1133
4976
7467
2376
2754
6693
103
2123
2995
5376
7994
461
427
2672
6326
3190
5598
493
7141
521
340
399
5746
7054
1934
2069
3097
5793
3414
6753
348
6838
2798
102
3100
4521
4928
6663
616
3371
3339
5083
7202
1458
7814
2458
2750
2063
7769
4512
8432
618
3133
6390
4700
7261
1586
7355
4991
1042
3865
6438
647
4730
4734
7923
1605
4780
1691
7320
3806
4148
367
7551
5318
1262
7257
2406
6209
8274
1753
2027
627
3004
4186
5156
3438
5072
7683
5950
6178
3761
5919
1868
4699
3914
145
5591
773
209
7037
4460
7386
2599
2771
6710
6863
6719
1757
2873
1708
6137
5153
7494
8551
768
6277
5828
3571
5476
4938
5469
7303
8362
1431
1939
5118
8601
5109
5739
6417
5725
2557
7200
2953
198
5228
4546
6648
1386
7676
5067
7619
2045
2582
3627
5952
4197
6314
2939
1542
2283
8486
1516
2178
6929
8074
4297
3935
1374
4104
4921
8530
6717
5418
1173
6631
5792
6778
1863
274
6861
7984
743
5571
7441
2986
5415
7063
911
4508
8135
916
6111
2886
1541
7907
3196
6123
7795
8283
6642
6968
7095
101
1310
1895
3211
7621
6870
3805
7329
3904
7792
258
1188
6075
6227
3234
5597
4348
8067
7162
394
7738
5464
2560
998
7170
7096
7189
2480
5633
93
1106
3979
5490
7600
3050
1359
7594
3256
4117
8421
8333
7761
2947
2538
854
983
3813
1414
2689
7143
4504
6218
8314
7226
5257
4458
5958
2651
4909
4199
1270
1593
7235
3917
7127
1018
7872
8217
3905
8699
1697
2549
2489
1043
7331
7896
7893
3355
5094
4756
2102
6468
6859
2571
6072
1111
4146
4384
4408
2696
1187
4689
7033
5375
3017
3213
3015
803
298
5770
1013
5214
4861
7811
1537
2309
7440
4795
6050
1035
1623
7280
1529
216
7057
5306
5713
3718
6288
6723
1024
1178
5717
6688
2603
3392
4012
3677
771
7880
1197
2501
5226
7092
8531
8204
924
4466
1869
6776
2496
3165
5502
1399
5763
2091
1619
533
551
4811
7081
2415
3142
2287
660
7787
1574
320
1124
174
4796
503
54
1488
6565
7487
8374
4224
2060
4554
5151
7188
2922
2493
1481
5236
6000
364
4308
7214
6388
4430
2222
722
4265
2438
252
2469
112
6651
2322
3720
2170
3892
4379
4786
1711
2492
5946
8608
1483
6715
6325
8738
8652
2686
2623
7407
7302
4824
7437
4983
8616
7345
294
2717
7613
7741
827
5854
1475
167
3057
4543
8731
3510
65
4646
1873
4280
3481
3655
735
4108
2346
2846
1877
5396
2514
4716
6156
6869
8695
6750
3993
2166
2938
3356
3447
3569
8269
339
5782
2662
6850
2195
8220
3460
5506
1910
2595
4380
1901
6789
4948
3750
3844
5274
8422
6541
2680
5390
5686
4822
7402
2625
2143
3402
5836
8094
8502
7179
1012
3470
266
2103
4304
3348
4140
7278
3719
6893
5593
2779
8621
2288
7442
2906
7625
4000
1482
4871
7845
3783
3952
4905
197
3764
374
6287
3546
7044
1780
1343
3432
6900
5797
5164
4662
7809
1301
5231
600
3661
8096
171
5922
338
1005
976
662
4637
5579
3869
1208
5212
6057
6641
3789
3006
1248
3346
6511
2980
248
2344
2378
1316
4532
7481
6543
7606
4123
4228
7069
8021
4529
2865
6152
5778
930
7544
4074
757
726
2003
2613
3984
1989
6566
3365
6600
7354
860
5053
7685
784
8226
6766
4169
4992
5459
637
3388
3014
558
4944
1921
1594
6596
416
5248
1166
91
4709
4750
8095
6551
2255
36
3002
3561
8558
6785
4216
7567
4185
2008
7602
8077
7976
3916
1473
7126
2412
424
1306
4707
7834
8170
1028
6103
6983
7498
4545
1705
1137
3934
639
4781
2676
3471
6207
5340
3909
4996
5177
5234
3491
672
3305
6854
67
4437
7156
1557
4573
7030
6659
8482
963
381
666
1654
2658
1961
1725
3946
6809
4614
3548
3090
5732
874
595
4681
6447
525
117
2442
5700
1260
5440
1615
3271
3468
8237
8277
8178
6940
8311
2026
3538
7056
1407
3707
3941
2036
3942
4170
8214
2880
8533
5581
2298
6689
1175
7336
2964
4400
831
3164
7668
5051
124
789
5885
1448
2804
6879
1325
8546
2270
4704
7185
793
5300
8554
947
5324
4668
2217
1271
89
7938
8299
7490
4419
942
6936
6728
4352
2927
6679
3455
6125
7675
1671
847
8565
4249
3753
5703
8060
6568
5016
3581
4874
1244
3556
878
6680
8615
4647
214
5999
648
3394
3464
8097
158
2624
3276
2171
7064
3663
3558
2369
6119
7905
7447
1367
4583
4270
6923
3178
2975
4273
306
8637
6678
3010
6884
8093
1455
8629
4848
296
4168
3958
4319
4584
223
2130
8246
6358
7959
3053
3534
4535
8603
3717
4823
7025
7397
1297
667
3778
6319
6967
4741
169
2273
863
5616
6665
7187
1687
2203
129
6928
3239
2844
6242
680
8597
3566
4272
7138
2407
3477
8630
6274
1760
195
299
4084
5364
5884
4625
4416
7916
441
4383
2879
7777
8302
5904
3492
4980
2832
6524
2775
798
642
265
7665
342
5100
4901
28
4412
3318
8286
4080
1981
1360
109
1816
8378
7856
464
1954
7249
2400
2515
6525
4413
1778
6997
8316
3890
3187
5128
4595
5821
3948
8433
1369
1195
8048
6577
4471
3370
7211
4100
4439
2684
6446
2794
4550
535
2150
2665
577
1415
275
3407
2580
1515
1307
8467
2652
6449
1539
4603
6467
8492
1900
7630
3726
6706
8264
2390
3096
2648
8160
8446
5000
4751
763
3200
5886
7828
2096
3619
2147
5580
6910
3228
1892
4341
2145
2357
4457
2610
7951
4536
5301
3451
7114
2985
6090
1444
2001
2221
3536
5486
3475
759
4415
3870
57
2277
8526
4305
7014
7157
1774
5940
2093
4634
7678
8365
1485
1972
7403
1653
2572
8383
761
4298
5042
8254
1453
8602
8111
1128
6825
4658
6954
3855
135
5138
2076
2343
724
8015
5818
87
4091
8196
4329
6264
2510
2028
4129
602
13
6166
428
6671
2786
205
3832
1168
5982
6865
5631
5880
4443
3659
2542
4691
7160
3410
2250
8345
4663
304
2562
2915
5190
4971
3267
1129
918
5567
7537
7985
5484
1882
6138
3321
4697
173
7205
6949
4737
5132
1117
7859
1372
1590
7316
3209
914
7220
5227
4866
2075
1625
3186
2441
5317
8669
7682
5962
7902
4477
7616
6424
8001
3069
746
7626
4259
641
6260
872
5812
3262
597
4312
6233
3169
1986
43
2547
4083
6674
3532
1548
7891
7048
2725
4674
4061
8282
2574
8484
4176
3501
5853
4250
2970
5969
514
94
1843
8709
2486
4954
2509
1576
5666
393
1937
3739
830
4221
6575
6536
8525
1527
5641
6065
8690
4462
3681
7045
6856
7528
3238
5322
203
5757
360
5951
8610
1616
1902
287
6102
2474
2456
3054
4463
1990
4717
2522
5594
5439
4414
5277
5865
5262
4247
8437
7655
3523
4072
1592
5033
1001
1318
820
8059
1077
3416
549
204
1034
839
3841
3056
818
4056
3508
4190
7779
5210
5881
4624
5604
5423
587
8329
1535
74
703
39
7523
8506
1144
719
4198
8430
3694
7198
6831
3047
7759
8663
5897
991
6490
5768
4746
180
6576
4058
7983
3591
5280
5447
6109
8082
7803
4570
2589
7640
2654
6186
19
6410
5523
1613
4266
7038
2190
8126
5556
1419
3070
5121
5816
5261
6744
6655
6826
5392
5487
73
1718
1664
168
6073
463
5583
97
3393
2633
1520
3736
3858
5918
8668
236
6020
5480
5352
3828
45
2758
8428
352
12
4748
2748
5129
5525
2729
4332
4765
1304
1733
7672
3426
955
7815
8544
4292
3408
3801
717
4876
7560
7949
5931
8056
4337
1495
7686
592
1263
810
948
4846
2551
7748
3246
3653
6234
259
7915
8255
4088
7790
6607
7259
5015
4444
7460
8241
6278
225
5976
5511
7942
3620
6244
426
7608
5855
3944
7579
7843
1525
1393
208
7342
6127
6322
4923
6268
6017
3568
927
3687
5675
3266
8026
2912
6327
2566
3374
1305
1878
1249
8189
2929
3045
4505
7920
7890
4290
7274
7563
2778
1421
432
2720
7634
6922
1546
1880
7988
1341
6597
6976
5783
4743
6556
4973
2467
3576
6009
1737
7215
3919
490
5923
7623
88
4135
4987
8497
2151
5328
479
6683
6711
1335
8343
1461
8361
7254
8543
6321
2062
8247
1624
2881
7101
6378
2426
1570
2749
5602
1146
3929
4732
3562
7511
7927
5302
7629
5183
5764
4333
3182
4164
1508
3195
6787
5754
6811
6011
7962
8385
7106
7553
6480
290
693
3875
3634
3395
264
734
5452
2640
7327
8723
324
919
5936
3173
1732
2893
596
3735
7739
7339
1840
8185
243
2535
5027
4649
6034
6129
1668
7848
3412
6032
1827
2857
1561
6702
7209
3199
4735
4177
3842
3633
3372
4563
1945
1500
1831
1181
1941
8517
1519
5299
408
2191
2555
3777
7724
982
913
5738
5548
6619
6925
3106
1992
8678
4549
5776
196
5198
6793
5496
4851
3418
4516
1526
20
6542
6238
1903
2303
5167
3043
8596
3103
5518
4882
2205
2497
3441
2576
1283
6281
5979
4411
176
8173
1734
4769
7813
219
7689
4711
4783
2670
1101
8050
341
5850
2660
5204
4727
4371
3334
7091
6270
6737
8240
5779
8359
1417
5247
6120
5954
1478
7541
753
617
34
5615
1512
7313
2523
6018
5429
5701
2248
1947
5485
181
3373
892
2703
3240
1599
2092
6056
5806
483
2435
8151
5478
4276
4887
7740
4892
8487
6739
4533
6149
6477
4676
7824
5509
3158
4353
8510
238
7240
7912
7883
2671
5211
8575
7444
6043
4205
136
7363
5499
4053
4579
4428
2726
1513
1651
3738
1072
1609
240
344
308
1093
311
4022
8186
3586
8075
8561
3927
4791
4895
5102
7071
2831
6064
4227
2699
1550
7680
3539
6305
5676
4886
2373
3933
4132
4665
2382
3730
3974
4609
926
230
5160
1573
6078
3289
5504
3309
4442
353
8022
986
2960
3038
5536
1909
1276
7337
1147
3654
3327
3771
6147
1469
702
7192
5276
86
457
3259
1749
6476
4426
5612
4392
5341
4875
5254
5385
5507
2924
1109
6329
529
1721
1215
5584
439
6855
8409
492
4755
6401
3461
7503
5454
6338
5057
7107
7745
346
3775
2423
541
2439
5789
6806
3880
267
8366
368
6897
165
5323
7744
5003
7869
2332
207
3533
3967
1751
6970
8656
5420
4523
5139
4999
2981
2258
8055
7497
4095
1794
5168
5189
2040
6752
2089
1132
5544
4693
7954
2735
2306
3110
260
4511
4431
2819
3224
663
545
398
4965
8010
177
3741
8657
8382
8667
7000
2787
1807
5035
7933
2440
1881
156
7660
764
4870
1655
7719
4021
7823
4239
2424
6599
7522
3698
4003
6714
5066
5046
2207
4484
5028
585
5720
8337
4667
8732
1490
3601
5625
5395
2199
7735
1803
2463
3217
3635
4519
7299
4868
8477
4761
3446
640
1008
4685
3737
4670
7001
3950
4086
4792
1677
1917
4315
6486
3122
8418
1131
2371
2499
3705
2657
8609
8174
8578
5265
7609
3487
3241
212
7601
2180
5489
2304
4712
899
799
8004
1356
2816
4116
6364
5902
1693
4446
3352
2280
6063
7140
992
5060
7314
7935
1412
4253
4410
1806
6830
1140
3074
2139
7922
6612
5092
6276
7642
6140
698
2212
6275
3062
5766
2237
5517
7228
7649
2261
826
832
8199
170
8029
2987
2570
6094
5963
1926
5252
1200
7047
2785
6208
8426
4173
8722
5540
2858
3725
2841
1777
758
4684
4008
4267
2818
327
5313
2154
6496
3023
510
8051
6698
6930
1587
4499
6313
7868
2241
6845
5080
2833
1022
7926
4467
8676
4599
1861
516
2381
1141
5804
5292
7408
870
3598
3963
6415
7340
1070
6370
5196
3743
4310
1497
6133
3076
4351
6323
8144
8232
1203
4907
7427
6203
7781
1151
630
2892
3649
8577
3466
8472
4744
8622
2575
6881
3342
2312
8570
5359
7637
7854
7603
578
1509
1261
505
6437
996
3354
956
1899
6948
2917
7396
6629
4832
8161
4486
670
6794
3765
8065
1400
7794
4133
2335
4289
122
6435
6694
4040
561
3270
813
6374
2583
4232
4779
7004
8439
1017
2087
7307
1918
5381
8068
2111
2192
1275
1395
8371
3284
6608
371
5971
2875
4527
5330
3956
6667
4382
1511
3550
6993
1114
4357
3760
2324
6398
1230
3608
950
591
3896
737
2619
2216
6037
8653
6376
925
8179
3564
7448
3128
1904
5983
163
8020
497
4509
7819
385
7691
162
8393
302
6815
8244
7277
977
120
150
2796
410
588
3711
2481
3052
796
3177
604
3444
3437
7910
4057
7743
2374
5710
1502
8734
2852
4085
3218
6016
142
3193
257
25
6800
5706
3268
8550
453
7937
3604
4375
4979
1769
5339
3643
1965
143
6592
6808
7599
4733
4240
5830
7515
4831
8162
1779
450
7196
5526
7019
1277
6193
2164
1284
6033
8736
29
315
3660
2367
6951
8614
1659
3427
2788
5110
3782
3830
6463
8377
650
1466
2108
2821
6428
2422
7272
8322
593
7838
3701
7328
1785
6640
678
47
3261
3887
4777
3411
5295
3013
5994
2364
7742
2122
4596
5056
6210
2554
466
6926
8476
8636
3080
4918
7326
5959
5326
5622
5249
7575
4561
6252
4690
1942
7713
347
6765
6221
2384
5600
1057
7865
2119
959
2048
1487
2834
8424
1349
6324
4840
8516
3652
7968
5336
2355
857
907
4548
2421
42
3932
3244
5646
7142
8290
7716
739
615
5826
5796
4284
1097
7146
1089
4470
1167
2409
4776
1403
5714
3359
8627
8647
7684
651
7413
2014
4963
6053
2976
415
3509
1690
8500
4487
2517
4475
485
273
5479
7174
2966
6495
2843
231
5693
1639
1496
4374
8632
7746
6611
1647
2600
4833
2327
2218
1409
7708
1107
4917
606
6080
224
2746
6122
4009
8511
6602
2931
6157
643
8737
24
1746
2402
5488
5034
4862
6535
2110
5708
4223
7706
6567
6385
3341
5729
3086
4496
3617
1015
4806
1975
689
357
8062
3527
1683
8127
4873
3860
4990
649
3960
4687
508
2491
938
3295
6713
1978
3846
6721
279
8025
6452
2614
1504
3072
7436
5756
2606
2158
4043
5071
4445
5650
3157
7292
4696
6933
3662
8631
8408
1522
6851
883
4404
7737
5179
4580
4565
362
7110
3179
6168
901
6724
4015
4044
2398
2806
8450
5482
8234
4644
8039
4889
4096
7975
8052
7421
4708
7928
5678
4261
1224
1059
4494
1867
4242
1853
638
4326
7119
3442
1818
2541
8660
7134
5707
683
6286
5689
7806
2745
6613
2032
786
1404
3502
6440
3357
4260
5142
6501
5719
4405
2577
7705
1897
4316
8145
4617
890
8291
7472
1424
4174
4845
5781
6167
2716
1686
8318
3281
1874
6953
7687
5475
7531
6171
6124
489
2894
7718
4142
8697
3463
6062
6532
4673
6539
4540
2637
8620
5718
8038
289
6455
5136
5197
3790
8638
3216
5443
5751
6560
985
3607
3381
2524
1265
7296
7707
7931
7914
3752
7946
7003
1358
7966
8079
5929
7572
2300
6105
1979
5445
6786
994
3644
7450
1337
8642
5251
3799
7663
3075
3821
6116
1468
8354
3504
1554
451
5192
5555
1781
7193
1931
3162
8098
3316
2434
3768
7265
520
323
237
7433
7176
6591
4042
2533
6934
511
962
7212
4035
6492
468
1384
4122
6956
2767
3885
4151
18
538
1357
2905
1739
5444
5974
82
4723
7565
1672
1713
2431
6304
2621
6638
6253
8081
281
2490
2962
876
8053
4962
3837
2740
1776
6453
8522
1768
1643
3506
5705
3918
7963
1702
2340
8379
7825
1292
6067
7155
6041
8066
6882
1714
7061
3867
4019
3320
7888
6526
6160
1317
1320
6315
3401
7333
3868
664
3623
4820
3254
5531
4679
4530
5910
6590
3174
5178
3366
3883
1206
681
8257
3873
7213
5424
2755
3522
1143
7361
6960
361
2661
1783
286
2177
3668
6604
6978
3766
1547
5998
1660
7612
1037
2823
8289
4254
187
6076
8003
96
8654
8455
44
7426
4150
3269
5012
6482
2730
8473
3657
7082
851
904
2645
4775
2349
6666
2943
3988
5173
5417
1553
7251
6504
4299
4839
337
7325
1810
1454
1771
4493
4885
3147
2339
7028
6089
8183
6185
7164
931
3742
905
2432
6101
7562
3495
6457
3758
3127
4552
4171
7129
8000
788
7501
6426
7568
55
4722
4801
6982
8372
7576
8662
8317
4027
1923
2544
7894
6030
5285
7203
6239
1153
5063
7273
4480
3774
779
1247
6341
3594
6403
7368
7774
4736
2642
908
5019
7669
783
6466
3852
5143
5309
3107
6296
8107
5040
6932
6528
1838
943
1465
2568
8285
7977
4162
373
6782
6261
2428
6824
7165
4432
1354
5305
2668
222
2098
1064
5984
8268
1649
7404
7027
4422
3721
6414
6004
6236
3421
2226
1970
4913
7306
5991
5653
1170
3785
2396
277
3872
568
1069
5477
5283
5497
4815
4495
2105
8171
5366
5945
2830
7671
6386
2957
3098
1875
6798
6972
8017
4752
1199
4860
8728
7715
1434
8041
8157
5574
8207
1322
829
3278
3518
7698
2022
1848
2923
8612
6852
8259
6658
6107
5383
712
1728
4013
5242
4859
4081
1765
7097
8154
7827
4500
7035
769
2889
1893
4441
293
7970
4897
5097
2626
1123
1719
4627
5992
6738
2667
6381
