1961 
8605 
11598 
3127 
6981 
5517 
9967 
6564 
7380 
12644 
12483 
9677 
13042 
6967 
900 
7105 
6311 
9809 
11466 
1179 
4345 
1263 
12687 
3540 
8010 
216 
11895 
5154 
10149 
4476 
6699 
2260 
2979 
1557 
1722 
7509 
8771 
3376 
4953 
4594 
7624 
4577 
6935 
8463 
9158 
358 
5851 
456 
4490 
10279 
10767 
4182 
9651 
12307 
1469 
12861 
8457 
12512 
4300 
10415 
11181 
8523 
6960 
12116 
3903 
9729 
5238 
7477 
10121 
517 
1164 
2999 
5549 
11079 
5993 
3795 
8176 
3057 
344 
10965 
10792 
11949 
10906 
12669 
3031 
3702 
5098 
11798 
4355 
1984 
10548 
11689 
568 
11371 
5182 
6714 
10481 
11735 
3152 
892 
10371 
11336 
2261 
6575 
6925 
4889 
2664 
362 
7181 
12515 
11480 
10337 
4309 
10069 
840 
12660 
8688 
12112 
8892 
8513 
12326 
2680 
12957 
11088 
8617 
9349 
9754 
2480 
10188 
3526 
1853 
1679 
500 
12750 
3588 
10980 
5248 
5211 
11053 
9896 
971 
7661 
7519 
4282 
2967 
8157 
7094 
11427 
5257 
7318 
10885 
3911 
3390 
1411 
5170 
46 
6487 
6612 
4435 
9393 
7445 
6718 
11377 
8333 
8185 
11713 
3379 
1115 
1932 
8340 
12744 
8776 
535 
3444 
8040 
2478 
12021 
5751 
11628 
12620 
13160 
2766 
157 
11536 
7228 
3787 
1178 
6617 
7548 
7837 
3895 
7320 
12322 
13003 
10779 
2189 
1665 
7449 
1021 
7000 
11420 
12566 
10007 
2833 
8230 
6790 
6546 
3817 
6411 
4236 
11360 
9479 
12400 
5093 
5384 
408 
3398 
12562 
6145 
5704 
11307 
8727 
6126 
8353 
11747 
6469 
2026 
3240 
8433 
2381 
8691 
3598 
3457 
4092 
6543 
12837 
5010 
12853 
11455 
2034 
8123 
5163 
2036 
4183 
8081 
11305 
10703 
1483 
5635 
4831 
6875 
441 
9993 
1935 
998 
12246 
8533 
9644 
5612 
9189 
7137 
10658 
7100 
7355 
6245 
2030 
7994 
10700 
7813 
8655 
8097 
6825 
12374 
6789 
1600 
838 
10207 
9490 
2647 
3169 
1636 
3653 
7915 
4654 
3947 
7641 
5959 
12072 
577 
7676 
8987 
6936 
11418 
801 
1929 
3732 
13129 
937 
3318 
4298 
2357 
11764 
8111 
6291 
2722 
9696 
8413 
3297 
11301 
5973 
7285 
2785 
8408 
6770 
6046 
5218 
10065 
7242 
4421 
7899 
2953 
1865 
4342 
7210 
4109 
7985 
8886 
6644 
1478 
3100 
896 
10561 
5882 
1298 
12042 
6937 
4697 
511 
83 
8790 
278 
2887 
9492 
8833 
11496 
5783 
7579 
4225 
1990 
4952 
5142 
10855 
3735 
6048 
13179 
1939 
1711 
12852 
2611 
11162 
5839 
7638 
12519 
401 
7388 
3366 
5867 
2498 
4588 
1612 
493 
4941 
308 
4787 
8086 
2389 
177 
3149 
798 
4714 
8521 
1088 
8275 
2795 
5518 
9508 
5615 
10502 
1500 
3015 
3777 
1440 
11469 
9024 
5954 
11691 
11451 
8171 
11148 
9367 
10621 
9047 
3837 
8422 
3183 
5109 
3651 
3613 
11650 
3439 
8068 
12679 
6223 
12772 
4574 
11710 
7460 
10520 
5276 
3963 
5620 
12953 
10039 
4938 
6454 
7650 
953 
1154 
13169 
8237 
7473 
7002 
3730 
9859 
11264 
10493 
7588 
4073 
9477 
3737 
1121 
8936 
12498 
9061 
3284 
11098 
5085 
1978 
12903 
1108 
11716 
13116 
2133 
12391 
11441 
212 
9463 
12150 
3561 
6569 
12522 
10028 
9592 
9387 
8240 
96 
8241 
9641 
6111 
4427 
2072 
955 
8793 
7840 
1877 
3339 
4125 
2961 
7660 
9356 
8267 
5237 
1582 
143 
2924 
4422 
1573 
1838 
7332 
3537 
7619 
5012 
4075 
692 
3262 
9443 
7368 
3793 
8490 
11221 
7032 
10756 
6998 
6808 
3693 
10598 
2971 
6751 
6681 
6082 
5781 
1803 
6510 
5617 
814 
6541 
1142 
9252 
5048 
2181 
5274 
9926 
12470 
3678 
9233 
2148 
1619 
9014 
4877 
4609 
2270 
7801 
9723 
1610 
5918 
5886 
948 
3413 
6994 
6075 
9596 
7064 
2055 
1451 
2212 
8723 
10453 
4368 
1449 
1894 
939 
2922 
3607 
1172 
8707 
3902 
3130 
6252 
10539 
12139 
3694 
2855 
9676 
12655 
4682 
1735 
9067 
6631 
5806 
12664 
5801 
9485 
12141 
2694 
4081 
1983 
7076 
6229 
12693 
11398 
6044 
11572 
6536 
7119 
6831 
7330 
5916 
10935 
1333 
11344 
9730 
9550 
11184 
10987 
3872 
10441 
2600 
2931 
1626 
4515 
6728 
199 
774 
7733 
11404 
12230 
7798 
7366 
2178 
103 
7935 
12807 
5417 
2992 
8968 
9256 
11063 
116 
6481 
5532 
10904 
11220 
3633 
701 
7835 
12597 
10088 
12636 
5368 
5863 
7171 
9469 
10151 
8746 
637 
9712 
2447 
9702 
5381 
10370 
7589 
7523 
7007 
6781 
10989 
4710 
2651 
5540 
1810 
10330 
10920 
176 
5285 
13141 
9087 
10101 
6590 
10267 
7351 
13088 
9847 
1316 
8450 
6263 
4838 
11395 
8061 
2539 
2375 
4278 
325 
6384 
5679 
4898 
1719 
7312 
1068 
9222 
389 
2928 
484 
8315 
2468 
2681 
3650 
10339 
7264 
10143 
7986 
8142 
12888 
3629 
7147 
10406 
8699 
3449 
7143 
10435 
413 
11005 
9228 
1073 
2229 
8326 
6346 
2220 
1331 
12350 
6074 
9348 
12275 
6872 
4305 
11606 
10763 
4124 
7070 
200 
4156 
10946 
6838 
4271 
7916 
10770 
5697 
7191 
12733 
12787 
9062 
4992 
11887 
12300 
10095 
318 
12193 
775 
10158 
1668 
10894 
5750 
5744 
9872 
5330 
3242 
741 
8861 
8525 
2346 
407 
13113 
10527 
3533 
10052 
3475 
11645 
6539 
5650 
5453 
1368 
8569 
3846 
11316 
2772 
11883 
2737 
12335 
8536 
2677 
10227 
3621 
6767 
4017 
10958 
3239 
6341 
12781 
12717 
12701 
2384 
10125 
10448 
9867 
11439 
3909 
1617 
816 
4160 
8681 
7198 
5461 
2816 
8027 
8456 
6784 
12710 
3543 
4029 
4999 
3600 
9 
357 
10594 
8207 
219 
8425 
9494 
1729 
1418 
1092 
12532 
5081 
9732 
1015 
2393 
12531 
10507 
7730 
3616 
6983 
3856 
10533 
10366 
5106 
4963 
4020 
6445 
8091 
10781 
2856 
79 
4193 
9111 
5717 
6306 
11978 
3028 
4288 
3467 
745 
2762 
9817 
655 
1044 
9441 
13131 
2736 
5446 
6762 
5342 
1360 
8545 
2378 
455 
8782 
725 
9679 
7251 
125 
6626 
12658 
12901 
4094 
6138 
4171 
10122 
8938 
7709 
2469 
2315 
7851 
3914 
1087 
2021 
7379 
11996 
12474 
3143 
1751 
7699 
5523 
1364 
11956 
7250 
9032 
2648 
8639 
10089 
12705 
1833 
8374 
3361 
10322 
2125 
4964 
625 
7163 
2253 
8139 
1637 
4338 
7714 
12271 
7265 
5491 
1437 
12936 
5240 
9918 
4881 
5624 
8721 
12773 
2938 
4612 
12067 
9155 
10969 
11117 
7328 
10133 
2701 
10912 
4382 
1216 
11159 
1260 
3338 
3863 
139 
9324 
4453 
7873 
11356 
11189 
9837 
3006 
1215 
10665 
5206 
6024 
5349 
6746 
4161 
10683 
4140 
5674 
4635 
9619 
185 
1020 
3603 
7587 
13015 
6608 
1564 
5771 
7904 
10347 
8283 
1356 
3102 
4473 
3124 
4375 
3087 
2249 
8431 
391 
9141 
11897 
7715 
7581 
732 
6264 
1436 
9911 
7662 
8582 
1321 
6985 
10100 
8233 
53 
5411 
11913 
6338 
8442 
5396 
12121 
4136 
12565 
7898 
10800 
7462 
10870 
7639 
12603 
11045 
1421 
7983 
2273 
8258 
8286 
6730 
9315 
11104 
5630 
9345 
1472 
8955 
7807 
5155 
8789 
6284 
1874 
12462 
1861 
8774 
4112 
651 
10014 
11967 
1034 
6562 
9865 
2122 
4658 
6950 
3547 
6045 
4466 
1390 
12251 
11266 
1192 
2858 
10483 
12754 
12316 
4936 
9444 
8228 
10187 
1285 
529 
5723 
254 
6698 
10183 
11587 
10926 
7564 
1875 
4925 
1936 
2444 
6201 
3010 
13215 
7905 
7247 
5885 
5951 
6391 
12169 
1843 
12355 
6526 
12796 
3030 
6128 
9979 
7819 
6578 
8824 
3133 
5223 
648 
6777 
12420 
2342 
10755 
7091 
8480 
4901 
2959 
12381 
9893 
11497 
4085 
4961 
11700 
9625 
906 
11788 
10180 
9968 
7879 
7799 
7183 
1928 
1341 
2320 
699 
5379 
11035 
709 
9084 
4437 
5952 
6020 
3666 
7911 
7712 
7336 
715 
2309 
3196 
12363 
5034 
2286 
12950 
10821 
496 
8125 
1167 
7995 
761 
7582 
9953 
3891 
13118 
10903 
1510 
2713 
4703 
1831 
11389 
5484 
4275 
5607 
12071 
12623 
8107 
9599 
1933 
11708 
7438 
11594 
3234 
1549 
578 
8993 
2576 
11089 
3649 
4523 
7275 
5310 
12085 
5162 
12766 
2462 
12535 
10675 
2850 
1487 
12805 
6234 
9389 
5471 
11563 
7431 
4816 
4434 
5903 
5756 
565 
8144 
936 
12160 
8921 
6588 
4967 
4705 
10171 
5718 
11519 
10943 
11216 
1891 
4359 
8931 
7866 
3074 
10344 
3499 
8387 
6980 
11599 
6799 
1398 
7444 
5592 
9703 
10210 
10092 
5729 
4192 
4038 
6849 
4133 
462 
2231 
11296 
7289 
12299 
5317 
11889 
3690 
7467 
288 
10017 
1355 
831 
12640 
3854 
12404 
1206 
5406 
7563 
9314 
6602 
9054 
2242 
4707 
766 
8106 
8668 
9614 
9944 
13219 
9549 
5892 
6209 
10086 
8751 
9184 
3553 
9519 
9102 
12588 
1318 
1862 
6225 
12614 
8004 
7868 
6962 
5551 
11239 
8866 
7104 
11447 
10467 
3807 
3559 
839 
1019 
11149 
11367 
1506 
12009 
12330 
5291 
12638 
9826 
9172 
2167 
13089 
10667 
3791 
12159 
12184 
2822 
8563 
3051 
4761 
11551 
11707 
9791 
4394 
5989 
10950 
8942 
12868 
3107 
5804 
9021 
3699 
3358 
7025 
5964 
4152 
10157 
5259 
1080 
8781 
3769 
4202 
9819 
363 
265 
3938 
1747 
9635 
2317 
8046 
686 
2132 
259 
6518 
9226 
5495 
4155 
9275 
591 
6150 
675 
6422 
4012 
5325 
2794 
12164 
5110 
4336 
3768 
2601 
803 
12780 
11166 
1945 
5468 
7274 
191 
3285 
1378 
6357 
8483 
12731 
12129 
4524 
10966 
1996 
1457 
3137 
9675 
11137 
11325 
4533 
3655 
7927 
2792 
8049 
7101 
11290 
12128 
9973 
5968 
11655 
3440 
11140 
4372 
10368 
901 
7767 
7084 
7674 
12218 
10856 
9003 
3880 
1790 
3567 
12572 
7099 
4221 
3975 
13051 
5826 
2463 
7754 
8214 
5229 
8376 
12506 
3434 
2667 
9235 
553 
4324 
11976 
1579 
2790 
1985 
4370 
6723 
9984 
4147 
970 
7153 
9629 
12887 
3201 
2990 
1611 
12510 
7256 
337 
12908 
4131 
7841 
2627 
9109 
10327 
10416 
11786 
9098 
8405 
9099 
11467 
638 
3350 
10081 
4465 
9112 
4797 
12902 
352 
6592 
893 
10475 
8785 
3833 
497 
5560 
9759 
4684 
9459 
12528 
11722 
3092 
9542 
919 
916 
8769 
4034 
12724 
984 
6340 
10348 
5195 
13120 
2933 
8319 
9064 
1906 
93 
11283 
3939 
5664 
6259 
8063 
12276 
5657 
4180 
7793 
10256 
8757 
3472 
10811 
6953 
4100 
4794 
5150 
1628 
1163 
4095 
12712 
3982 
12479 
13172 
7450 
7090 
7830 
5938 
9073 
13144 
4027 
5171 
10783 
10577 
10494 
12514 
6516 
5753 
8468 
11482 
13233 
8910 
11688 
2776 
809 
11874 
11242 
4154 
606 
5287 
12213 
12696 
11912 
11737 
3220 
689 
11958 
7809 
10214 
3676 
2141 
7874 
6141 
9741 
8738 
4759 
8131 
1079 
8414 
6982 
11954 
10696 
1762 
4040 
5178 
5388 
12305 
1980 
4393 
10506 
9487 
4823 
11530 
10850 
11232 
11652 
669 
2862 
12143 
12653 
3485 
563 
9277 
11487 
11494 
1308 
9753 
12798 
2316 
829 
4825 
11585 
1576 
8288 
6246 
6815 
621 
7540 
13006 
5277 
5602 
10083 
7925 
12170 
8578 
2049 
6108 
7273 
4007 
3116 
4413 
11721 
6142 
5501 
11355 
2467 
10660 
5140 
12397 
8964 
1246 
712 
1616 
3861 
4542 
6230 
5035 
8580 
11580 
10392 
7815 
10006 
3066 
755 
1562 
8466 
1963 
9504 
2714 
9620 
6164 
4261 
2230 
4693 
5066 
2851 
9130 
11440 
8744 
3271 
7225 
10252 
11699 
10651 
11436 
7135 
7164 
8277 
7095 
123 
10949 
7538 
1813 
8884 
5236 
8787 
4834 
2115 
2062 
12298 
12912 
9633 
9569 
5741 
10619 
12258 
11943 
9474 
5320 
11138 
246 
4907 
3084 
8634 
4666 
2403 
4931 
3175 
4148 
5506 
9150 
6979 
470 
5004 
5280 
2872 
1363 
9713 
2641 
1558 
77 
8792 
4302 
3448 
258 
3115 
12764 
3490 
11115 
12971 
9692 
10835 
5080 
7667 
264 
11864 
5911 
7436 
11078 
673 
7704 
10586 
8923 
9719 
427 
4647 
7111 
2739 
7217 
1962 
9237 
4096 
5569 
1413 
3412 
13081 
3601 
5493 
1818 
2194 
11986 
8811 
11171 
12424 
1494 
624 
6098 
6916 
11354 
4294 
3077 
12096 
12945 
7061 
13012 
10296 
10434 
7566 
11397 
1190 
8178 
4312 
7981 
282 
2515 
8427 
10078 
7888 
10569 
3673 
1686 
3893 
6001 
10245 
11826 
11185 
6671 
8590 
5990 
6522 
4957 
8595 
888 
8837 
4629 
12396 
3156 
6049 
3696 
369 
769 
7836 
524 
2571 
6854 
4113 
393 
2193 
5769 
1551 
10062 
9794 
9774 
2318 
5414 
6250 
13075 
1674 
7169 
495 
2077 
3109 
7896 
12237 
10376 
11829 
10246 
4923 
12229 
5214 
1320 
9720 
1339 
136 
6185 
2484 
2697 
11566 
1133 
4396 
6100 
12069 
1026 
6932 
2634 
2426 
1276 
12816 
570 
3483 
5859 
11363 
11702 
3202 
11376 
1337 
2379 
1153 
2707 
9986 
7475 
1047 
3627 
6011 
9909 
1673 
2027 
8169 
1552 
12127 
3548 
4976 
2145 
4039 
1239 
5145 
12140 
5978 
9011 
85 
764 
9922 
8935 
3289 
7782 
10986 
2350 
8659 
9927 
2518 
5546 
7765 
1052 
3987 
8420 
8939 
7021 
8116 
3806 
9142 
6563 
3773 
12610 
13171 
3708 
11252 
10948 
2857 
8341 
6211 
13093 
7535 
5221 
2057 
9248 
8222 
10745 
5303 
342 
12817 
13182 
7165 
8537 
4412 
5974 
13220 
3746 
982 
571 
7315 
4084 
8973 
4510 
7778 
5210 
5441 
3825 
1122 
6186 
4792 
8636 
7965 
1109 
5487 
5784 
10212 
11834 
252 
368 
5899 
9801 
11105 
6694 
10118 
10895 
6041 
13209 
4773 
8847 
8711 
8028 
4418 
9481 
10431 
3906 
4059 
11390 
1425 
5433 
7162 
8564 
1372 
13200 
620 
4361 
902 
8441 
171 
8044 
6119 
1812 
567 
3734 
7300 
4747 
3551 
4025 
13155 
4467 
974 
10589 
12289 
5743 
9946 
785 
1528 
2706 
7895 
6822 
11847 
8402 
6097 
3799 
10403 
7734 
3046 
8429 
10497 
3491 
11255 
12438 
3762 
2099 
10649 
4775 
11581 
737 
4803 
3714 
8368 
5514 
6279 
8528 
6355 
3498 
8519 
4788 
1645 
9433 
7543 
10349 
7669 
9556 
6774 
6687 
1799 
12961 
6379 
2168 
12061 
8218 
9501 
11665 
11801 
1949 
8075 
837 
6559 
5307 
1899 
1752 
11553 
3180 
3647 
11552 
8291 
9308 
2789 
4069 
4272 
7447 
12804 
6443 
4415 
11374 
12760 
2045 
931 
946 
5821 
1419 
5007 
9790 
2190 
9390 
11109 
1143 
11227 
9894 
3726 
3374 
81 
3899 
7938 
2416 
16 
8750 
9162 
13191 
8568 
6852 
8712 
7413 
1736 
3516 
8739 
3351 
3611 
9497 
10191 
4811 
3662 
9850 
8516 
12369 
7418 
4240 
126 
10844 
12670 
10659 
5880 
6085 
9169 
917 
11201 
1361 
4295 
9092 
92 
4539 
8588 
8200 
7558 
3790 
9267 
5132 
11867 
104 
6055 
311 
3381 
5115 
5306 
2939 
6277 
7287 
3014 
66 
4080 
1876 
6004 
9955 
9684 
1208 
10724 
5904 
3876 
3060 
11095 
3835 
3719 
9717 
4888 
4380 
11030 
4004 
12060 
12146 
6432 
8300 
4090 
13163 
9234 
3774 
7423 
11362 
9437 
12074 
1315 
2308 
2998 
8174 
5524 
7234 
9571 
8 
1259 
793 
757 
5076 
475 
4726 
2688 
3427 
3206 
993 
2569 
5337 
3921 
1365 
747 
10430 
8740 
11429 
2957 
1175 
1028 
11124 
10614 
4269 
912 
590 
1170 
4091 
10727 
10181 
7721 
1144 
6036 
6465 
9404 
8874 
12100 
5792 
10522 
6319 
4603 
3668 
6756 
6742 
63 
12509 
5739 
4224 
9341 
2530 
6399 
5421 
7892 
3073 
12109 
3040 
4578 
599 
7964 
8224 
7585 
13152 
6968 
2043 
5527 
6158 
7551 
9140 
13206 
10698 
3821 
1572 
11955 
6089 
9584 
5944 
7967 
12388 
2775 
3513 
1282 
7707 
3596 
7631 
9027 
4640 
1423 
1184 
11673 
11180 
12574 
2179 
2708 
3866 
233 
10877 
1132 
12191 
3147 
1311 
4291 
3042 
12990 
2183 
7614 
8299 
5392 
201 
3191 
10580 
3465 
4384 
10445 
11179 
12806 
11498 
2238 
8239 
5504 
6241 
6146 
8104 
2040 
10940 
640 
460 
805 
7686 
9215 
5466 
8064 
7949 
8122 
1371 
6976 
4934 
6500 
6300 
9022 
5807 
8735 
12387 
9996 
7114 
10266 
2936 
5295 
5864 
1716 
1353 
9726 
2250 
313 
3632 
6215 
2744 
10454 
10908 
12651 
1448 
2916 
9354 
556 
7591 
8530 
6951 
5217 
6665 
520 
2187 
7282 
9316 
8893 
8076 
7860 
12310 
9643 
8014 
3223 
1255 
9033 
1563 
9335 
129 
2156 
7703 
2089 
11249 
10285 
10282 
6155 
2268 
11288 
3705 
3459 
8572 
9473 
5773 
6247 
3029 
5939 
6820 
435 
12841 
1310 
7319 
11099 
11017 
12703 
7420 
5457 
858 
6151 
3764 
13102 
13231 
8030 
1243 
9804 
5449 
12625 
2592 
4699 
7749 
7901 
872 
3002 
1909 
6958 
7903 
6351 
3841 
8658 
9118 
12652 
4464 
11260 
9029 
10679 
9557 
3593 
845 
1805 
461 
12426 
12095 
7258 
5586 
4429 
3126 
5647 
2035 
3725 
11767 
7456 
7382 
3315 
7574 
10945 
1885 
1149 
10839 
841 
8158 
12431 
9848 
8057 
10120 
6221 
4469 
2214 
5425 
8193 
11008 
8351 
7683 
10093 
1443 
5120 
2163 
1512 
1585 
10496 
9135 
5011 
11872 
213 
13106 
7468 
3515 
11379 
9626 
12726 
12264 
8838 
397 
3534 
9414 
4062 
8225 
3775 
693 
2625 
275 
11345 
5187 
5057 
2757 
9636 
4276 
5322 
8017 
1373 
4165 
674 
1369 
8454 
4231 
2614 
4365 
9844 
11776 
696 
6389 
3535 
8047 
9821 
390 
8119 
12598 
9007 
11972 
4494 
7402 
12308 
6077 
9049 
9600 
10186 
5350 
2119 
13190 
9243 
5652 
8944 
4910 
8913 
8418 
3875 
4702 
1766 
9588 
13080 
3248 
11792 
2756 
1203 
3744 
9662 
6329 
172 
1590 
12700 
2582 
11537 
2581 
2912 
3009 
7383 
7884 
3268 
8339 
5469 
2283 
5803 
13151 
2241 
3904 
8419 
4760 
647 
5315 
7732 
4652 
8859 
8054 
1304 
8160 
8105 
5183 
11584 
6659 
437 
7844 
11038 
433 
6596 
11639 
12477 
10684 
12763 
12046 
12253 
6144 
5051 
11942 
12786 
10563 
12088 
4751 
612 
2007 
12329 
9232 
3977 
60 
2526 
10018 
12111 
5933 
12443 
4162 
8373 
10260 
7694 
12108 
1407 
9435 
112 
1486 
2165 
573 
1696 
6258 
8140 
1041 
11562 
9907 
7069 
149 
78 
7718 
3842 
703 
12926 
817 
8272 
8397 
11845 
4374 
12315 
1994 
6769 
9179 
3508 
1466 
1091 
6006 
3122 
11196 
12877 
8209 
5846 
1101 
3922 
3579 
10275 
1964 
8229 
6143 
8449 
4623 
9069 
6654 
560 
4191 
1772 
2735 
8565 
8306 
6738 
12685 
9562 
9336 
237 
972 
4989 
4791 
2719 
11006 
2553 
1424 
9709 
9317 
6448 
10829 
1463 
10768 
6508 
9846 
10601 
1067 
8436 
8638 
12540 
5419 
7426 
10239 
8758 
3176 
3959 
1039 
9332 
1053 
8223 
9768 
9181 
7077 
6754 
8266 
6941 
3359 
12087 
12836 
11564 
3684 
3689 
12336 
2948 
4481 
821 
2572 
12727 
6642 
5948 
694 
5313 
489 
12110 
10334 
6635 
12720 
7474 
4512 
7344 
6813 
5037 
13 
7597 
9273 
2549 
4544 
12713 
2523 
1012 
4995 
8270 
1918 
5780 
6335 
3636 
10627 
8133 
8282 
234 
2607 
6413 
1032 
11820 
659 
9175 
3688 
347 
12232 
6200 
12118 
8820 
9340 
10310 
11774 
9563 
9383 
10142 
760 
8041 
4104 
8366 
2514 
1302 
2198 
3119 
1556 
7717 
9301 
5572 
7288 
1857 
4712 
2555 
5254 
7668 
6726 
12123 
3625 
10255 
2519 
1442 
12344 
5288 
10638 
6249 
5148 
13218 
2632 
9814 
1521 
5683 
5470 
11629 
4861 
9294 
4456 
6866 
2496 
6336 
10873 
6836 
492 
867 
1695 
9637 
1649 
10900 
3164 
1042 
12425 
3913 
1638 
10572 
12472 
10473 
6095 
7471 
3669 
10881 
8212 
2236 
10270 
1460 
2534 
2960 
9573 
10596 
7335 
3275 
4844 
5737 
11009 
9507 
9590 
2843 
8601 
7011 
9554 
10097 
21 
10848 
8124 
8621 
7976 
6472 
1022 
3482 
6521 
11980 
9216 
3563 
1051 
11766 
1796 
1724 
11705 
12226 
2560 
9149 
11790 
5736 
11153 
5352 
5684 
1836 
11772 
6424 
8788 
12725 
1253 
5302 
7491 
7787 
1462 
4880 
2419 
6197 
5341 
776 
12714 
7424 
11816 
11282 
7299 
11612 
12049 
6670 
6545 
2594 
11604 
4120 
1597 
12178 
730 
6260 
7040 
1942 
752 
6426 
10304 
6015 
12231 
1229 
2054 
3438 
5275 
1377 
12618 
4565 
4633 
3606 
680 
12440 
2304 
8114 
5398 
7026 
12585 
1162 
7034 
12045 
6323 
13175 
6072 
3114 
2943 
6321 
4984 
2111 
1357 
7861 
6558 
3344 
8011 
5351 
7755 
1981 
7518 
5008 
4939 
2537 
6086 
5125 
12605 
4322 
5709 
3103 
6239 
12790 
5256 
1999 
6453 
2864 
7476 
4526 
8952 
1096 
8232 
7567 
2715 
10998 
5967 
7151 
12501 
9209 
5998 
11330 
11165 
1592 
1533 
8748 
8338 
6567 
3302 
8432 
5227 
3589 
2293 
1774 
67 
5111 
12496 
7226 
11522 
9949 
1324 
10574 
10462 
8700 
480 
3192 
7997 
3946 
871 
5112 
6202 
12223 
1682 
10712 
1090 
39 
10918 
2497 
9617 
8194 
12730 
10297 
4111 
4567 
471 
11139 
8495 
7962 
5455 
9778 
3794 
866 
7816 
5473 
322 
431 
5149 
6287 
8663 
9724 
3304 
5960 
10664 
2626 
12371 
11746 
6971 
1492 
1632 
4169 
11932 
3509 
3701 
2709 
2768 
8330 
6190 
13092 
10891 
6917 
10216 
13031 
4101 
442 
12063 
5319 
5670 
11918 
8643 
6378 
11343 
12682 
9511 
6807 
9398 
7536 
3063 
6690 
8816 
9085 
9722 
6125 
13002 
8426 
6187 
12180 
13201 
9035 
6013 
6473 
3340 
12368 
1352 
2235 
8828 
4082 
9465 
12458 
8520 
11741 
5296 
7202 
8007 
2000 
11226 
1777 
1937 
10107 
8555 
12403 
8998 
11855 
5926 
274 
4824 
2079 
173 
6553 
6069 
8773 
11378 
8741 
8901 
579 
224 
12560 
13053 
7532 
7398 
11770 
11003 
5641 
4087 
10140 
1856 
4259 
9710 
7229 
9630 
7846 
8794 
3393 
12812 
12848 
4802 
3025 
6903 
11989 
2282 
9747 
12503 
2570 
3505 
7112 
12465 
9812 
11423 
418 
12016 
3251 
4911 
6371 
8598 
13060 
3324 
8356 
860 
4051 
5765 
1014 
8496 
11503 
10253 
8560 
9082 
2256 
6987 
6423 
3940 
406 
12460 
2636 
7269 
11086 
2994 
3068 
5872 
13127 
5065 
4439 
6668 
3462 
7453 
7773 
4918 
7041 
7571 
7957 
12641 
5009 
13186 
3162 
1432 
12593 
11309 
11588 
5450 
5064 
799 
11991 
12064 
10676 
2970 
2755 
5205 
12357 
6420 
8551 
11335 
13076 
9854 
382 
2264 
8313 
6030 
3519 
8903 
4318 
7278 
12215 
2946 
8493 
366 
6646 
12558 
3692 
1431 
13235 
7017 
326 
9116 
6909 
604 
13187 
5516 
5884 
1160 
10599 
1438 
1475 
997 
10205 
3617 
6212 
7681 
1129 
1723 
5300 
3759 
6181 
681 
1886 
6667 
11421 
2216 
3745 
6476 
5399 
2386 
6014 
7386 
8305 
12182 
3214 
11452 
6942 
6507 
11659 
7854 
6817 
11361 
3354 
9930 
4143 
3165 
9161 
7093 
12909 
230 
7974 
12984 
2312 
1756 
12828 
6220 
5536 
6682 
1061 
11882 
1848 
6503 
4002 
13091 
4896 
7075 
1461 
2566 
3630 
7220 
729 
7823 
2753 
8814 
6652 
5653 
6622 
3323 
9561 
5123 
8864 
5084 
11243 
4969 
3828 
9428 
10605 
4671 
11164 
1057 
11808 
1659 
9051 
9053 
9898 
2226 
3296 
51 
330 
4744 
11528 
8034 
9046 
12441 
4335 
1776 
11090 
639 
174 
422 
4748 
8896 
12547 
6104 
3090 
7283 
7684 
5930 
8121 
12138 
56 
11852 
12147 
12089 
6949 
10787 
8826 
133 
11256 
4610 
9218 
6721 
11094 
8334 
202 
10351 
11567 
4176 
364 
12290 
5005 
5606 
9506 
4921 
7552 
3128 
3928 
353 
5874 
9829 
7464 
6530 
3245 
2779 
2398 
2838 
2353 
9805 
8825 
6160 
10786 
2583 
8908 
3263 
8092 
10604 
4220 
4056 
6052 
5733 
7775 
3253 
6794 
12103 
6377 
11952 
9401 
9891 
378 
4332 
2195 
1860 
9610 
2068 
8863 
2618 
9483 
11694 
9958 
8437 
869 
11769 
10564 
7573 
2508 
4535 
2770 
6394 
933 
3258 
13079 
2820 
8005 
10941 
106 
12277 
8872 
7608 
6647 
1581 
969 
12969 
2016 
8132 
6934 
691 
9545 
9783 
5340 
6462 
8065 
12407 
11849 
1313 
13114 
2413 
4798 
5888 
3155 
717 
5721 
12897 
966 
10590 
11056 
12602 
9110 
5671 
8308 
9211 
8644 
4520 
12958 
2531 
1045 
2406 
2219 
1974 
467 
5026 
13007 
6236 
6782 
2616 
12499 
5249 
8705 
13067 
8701 
9448 
11712 
1687 
11811 
57 
8327 
9278 
2885 
7437 
3882 
6066 
6231 
6412 
5454 
9738 
2892 
6147 
7480 
6382 
12345 
2847 
9258 
11540 
9083 
5505 
2629 
5314 
989 
2815 
4946 
10556 
9343 
5239 
6580 
11660 
5581 
4299 
1627 
4121 
7655 
8807 
5344 
2450 
6691 
12117 
6729 
3135 
10365 
5033 
617 
9177 
3080 
12266 
13109 
11207 
5705 
2420 
5073 
3480 
2577 
2522 
394 
1459 
11369 
12066 
8304 
6645 
1858 
474 
3831 
4662 
10719 
7082 
11782 
2784 
3406 
1671 
7926 
203 
10584 
12455 
11492 
8778 
2453 
2143 
5627 
4904 
10280 
4430 
10687 
2548 
12012 
9353 
4617 
8797 
7675 
5137 
1258 
3887 
11815 
7292 
1146 
1775 
5186 
8591 
1651 
8641 
11520 
12736 
7933 
4927 
11802 
5021 
5715 
10241 
12442 
10116 
3849 
2989 
4033 
7917 
2164 
11853 
6047 
7337 
4496 
4673 
10554 
1883 
296 
10190 
3382 
11132 
11748 
5595 
12448 
3675 
12453 
4290 
4468 
4026 
7948 
3765 
11787 
3016 
6710 
3089 
10883 
3631 
6216 
11556 
4115 
1211 
11202 
2529 
7598 
10375 
7124 
9988 
12536 
150 
6493 
4818 
5472 
4470 
987 
2612 
314 
6016 
12242 
4608 
6565 
11619 
8417 
8858 
7018 
1733 
1678 
12673 
2551 
2472 
12082 
10842 
8280 
4980 
8856 
9824 
12830 
10130 
5941 
1541 
5245 
1097 
197 
7747 
4099 
10084 
3328 
1827 
13038 
2237 
8458 
9186 
1840 
10860 
7951 
3076 
4480 
5775 
10355 
9137 
9609 
2811 
11634 
3231 
8317 
4789 
12283 
3098 
555 
1896 
4863 
5778 
13039 
8482 
11684 
1958 
7186 
11022 
4545 
623 
3083 
2944 
11082 
2690 
11295 
8900 
1477 
9407 
1295 
9800 
2092 
5877 
6629 
3329 
6358 
5293 
11950 
1794 
7 
10592 
10436 
5619 
13150 
13223 
4041 
6702 
7122 
8515 
8702 
1393 
6492 
8035 
5451 
2341 
10071 
5588 
5456 
7533 
3294 
4597 
7106 
7270 
8168 
9075 
5151 
3447 
48 
11641 
10144 
996 
9539 
9642 
10444 
11061 
12748 
6901 
11905 
12008 
4869 
1699 
7193 
5301 
4283 
1689 
12204 
3706 
1213 
4954 
10710 
8991 
9866 
1715 
8992 
5893 
2335 
5808 
8853 
2952 
7594 
7494 
8473 
711 
5424 
5327 
2276 
10657 
3681 
1917 
3712 
8094 
2925 
1683 
7301 
4994 
3121 
7159 
11401 
4589 
8813 
7257 
8236 
4383 
300 
11860 
6930 
2147 
4696 
8953 
12667 
7205 
10409 
5675 
1010 
2661 
9173 
9016 
2209 
10591 
10757 
5092 
12657 
7466 
9333 
5309 
1155 
4105 
1806 
8019 
13061 
12174 
1058 
3168 
7215 
5220 
11858 
2733 
165 
9143 
2313 
3900 
11995 
2063 
4740 
8095 
3826 
978 
5900 
7569 
12149 
4782 
262 
2747 
11141 
8802 
7513 
7356 
920 
4940 
595 
8898 
7482 
7586 
8318 
13022 
11666 
2158 
8363 
12030 
767 
13165 
6037 
706 
2461 
9059 
11333 
10042 
9378 
9750 
7400 
7180 
12788 
138 
119 
3756 
13126 
2896 
10476 
4036 
2018 
9057 
7170 
4132 
1965 
7960 
2075 
1193 
2743 
4016 
3997 
7826 
4717 
12083 
3879 
5716 
9770 
12124 
2809 
5023 
5902 
11971 
10023 
5500 
9961 
189 
4414 
4181 
10451 
3415 
6919 
6354 
7750 
12454 
2329 
9608 
10020 
1550 
2969 
11424 
4426 
12002 
1546 
12871 
9236 
11193 
12762 
10222 
1278 
194 
7110 
11919 
13108 
6272 
4659 
7599 
7507 
9505 
7682 
5328 
367 
4874 
4607 
2022 
12343 
3104 
12406 
6479 
9855 
2949 
10769 
12487 
7590 
9156 
6689 
6372 
6203 
13136 
6876 
4887 
4158 
5474 
6709 
4022 
1902 
10055 
6261 
12775 
6902 
7977 
1654 
1388 
11460 
11319 
10832 
11812 
2153 
10008 
9434 
6244 
3235 
42 
11939 
2617 
9621 
7692 
12196 
9355 
2352 
1158 
2501 
3357 
6999 
11191 
8033 
8799 
4548 
2492 
10805 
5127 
9853 
7158 
11219 
3026 
3855 
8849 
3001 
5726 
6737 
341 
1084 
3958 
7023 
64 
742 
8360 
3486 
855 
5720 
5480 
4190 
11158 
6796 
12309 
10046 
5971 
10202 
10538 
10995 
2243 
4388 
10466 
977 
7043 
8710 
7118 
4206 
4583 
8832 
179 
5814 
10178 
9468 
5910 
10016 
6821 
5677 
2812 
2745 
5069 
1620 
7914 
4371 
12476 
4488 
5995 
1934 
10298 
8018 
5525 
4461 
2844 
4960 
12471 
3572 
11763 
10389 
12765 
6625 
11016 
6467 
9325 
12689 
4720 
3078 
2692 
1125 
12319 
3824 
6312 
7255 
10072 
6598 
1389 
186 
38 
10622 
9685 
9952 
9105 
5372 
320 
12925 
10281 
537 
4919 
2751 
795 
9192 
10303 
3803 
5247 
2542 
315 
2225 
9513 
12198 
5108 
3766 
1349 
12550 
9963 
5262 
11012 
3007 
1347 
11661 
7392 
7959 
8868 
13142 
6222 
8295 
12592 
7751 
6747 
11990 
9503 
909 
4587 
6997 
1798 
3363 
2500 
11072 
2098 
9262 
2396 
5176 
8949 
10595 
1892 
7446 
3754 
12964 
927 
8257 
12177 
6442 
9017 
12168 
1571 
10916 
10715 
12737 
3443 
6051 
5816 
1467 
12122 
4864 
3800 
12994 
960 
4575 
12312 
7618 
263 
12019 
759 
10849 
12542 
3008 
8586 
8312 
132 
5284 
7595 
1489 
7281 
6081 
10412 
9632 
5270 
2464 
10194 
4655 
8347 
2911 
2987 
10875 
5553 
12986 
6268 
10845 
11890 
7022 
6766 
5760 
3139 
10424 
8196 
5777 
2078 
4495 
4233 
162 
2729 
3954 
9695 
3512 
8265 
12697 
10067 
3709 
6161 
2590 
9904 
2950 
4205 
7603 
3716 
7740 
12356 
4737 
5423 
10782 
7722 
10498 
9653 
12879 
11119 
636 
9065 
10681 
3037 
9002 
12768 
11527 
2100 
10198 
12821 
5574 
5815 
4179 
3576 
11276 
204 
4343 
55 
10807 
1614 
10342 
8173 
7982 
7583 
4692 
1825 
9611 
9081 
1130 
9606 
5895 
6517 
4477 
4142 
2246 
5643 
3594 
10443 
8216 
6019 
3476 
1725 
2192 
7054 
13055 
2660 
10179 
3677 
331 
5822 
1780 
8487 
7788 
12256 
12432 
6170 
6460 
10393 
1300 
792 
2427 
2120 
6538 
11651 
5345 
5464 
10529 
3392 
7204 
8507 
851 
10420 
6780 
11977 
7352 
11353 
5696 
9981 
9042 
5799 
9446 
5116 
1947 
13066 
12486 
8920 
4317 
175 
10452 
8020 
8085 
536 
6816 
7334 
554 
10382 
12966 
1219 
345 
11630 
11192 
12292 
4478 
10110 
6433 
10822 
1690 
4093 
2773 
925 
13121 
7924 
8970 
7249 
2926 
7194 
5875 
11739 
3686 
10033 
1846 
10828 
1800 
12517 
6360 
10074 
4879 
12825 
11364 
5747 
1059 
965 
930 
2091 
10988 
3920 
6672 
7665 
12433 
11783 
3320 
9363 
3193 
7644 
8069 
8791 
784 
6451 
9106 
12039 
797 
11479 
6716 
3969 
1957 
7240 
1037 
10402 
2511 
5842 
4409 
9950 
2489 
1227 
5244 
2557 
11945 
1972 
11474 
3020 
8742 
12968 
10398 
8451 
5025 
11130 
12939 
5830 
7842 
8215 
11450 
13189 
5503 
2442 
3108 
6094 
11312 
7950 
8477 
2718 
9980 
13167 
3187 
7549 
11696 
3884 
6207 
10955 
2839 
2781 
2093 
5958 
5329 
10314 
10795 
990 
7128 
7367 
12073 
12398 
1409 
826 
10132 
2325 
6330 
10232 
10487 
3492 
12157 
6506 
3501 
707 
3557 
7190 
4947 
10272 
13184 
5476 
3182 
10750 
9271 
6989 
9838 
6984 
9645 
7738 
8685 
2432 
2613 
10892 
4390 
3834 
2058 
7607 
5273 
12410 
4407 
3038 
12263 
5119 
10830 
4899 
3798 
6621 
8766 
4401 
5861 
957 
11613 
2684 
824 
5058 
6298 
5242 
3270 
2218 
6591 
10806 
6988 
8694 
11448 
9982 
11690 
1447 
11247 
1030 
9225 
11156 
6618 
8929 
90 
12998 
3317 
9808 
11568 
8550 
6366 
8249 
1287 
12674 
2603 
1011 
12826 
3748 
28 
7783 
3811 
1952 
9077 
3185 
3061 
12250 
5252 
3224 
7214 
7397 
7859 
3405 
3908 
2849 
1669 
1272 
3189 
7305 
4743 
502 
5478 
10778 
2387 
1938 
304 
4754 
1915 
11549 
12228 
11059 
6858 
5542 
10456 
10429 
5364 
8244 
1123 
9781 
11034 
11593 
10390 
6643 
4164 
7243 
9509 
7666 
11610 
6073 
10869 
12612 
973 
6894 
12985 
80 
12777 
11272 
1595 
6895 
5483 
13013 
7920 
7991 
4805 
6414 
4347 
9934 
3752 
10259 
7161 
11938 
3410 
10215 
1173 
8612 
13130 
2595 
6761 
7168 
10354 
12546 
9976 
12508 
12663 
12911 
3433 
4459 
8296 
8914 
9523 
7062 
2233 
10682 
7259 
12600 
4489 
9376 
8015 
3857 
281 
101 
2288 
9765 
3399 
4944 
7421 
7284 
8032 
5365 
1358 
9937 
890 
5561 
5138 
10519 
8325 
8159 
9311 
89 
510 
164 
5362 
8976 
5573 
6172 
6573 
12025 
10951 
8367 
9309 
863 
8815 
3536 
6733 
1380 
3094 
3151 
9638 
9992 
12367 
4670 
1948 
4935 
12377 
6804 
12561 
6975 
10099 
423 
1997 
3822 
6857 
2656 
403 
10318 
10405 
12327 
4440 
4543 
8835 
10155 
13077 
12321 
11997 
4859 
8979 
1642 
12209 
8197 
7020 
3687 
7971 
5711 
3839 
11892 
10404 
8650 
8345 
9755 
2840 
7877 
17 
12611 
9126 
12977 
4793 
6240 
12220 
1969 
6031 
3864 
8389 
6666 
11322 
4316 
8919 
449 
7005 
12988 
8385 
1280 
11822 
6273 
4778 
999 
12924 
8235 
8662 
1370 
6910 
10030 
12997 
4123 
8479 
8314 
3442 
1543 
3237 
3615 
6458 
10301 
10909 
842 
5355 
10937 
6257 
402 
5782 
2920 
1730 
2659 
180 
5686 
1560 
12595 
1464 
5887 
4479 
4892 
414 
9991 
6449 
5225 
9136 
11868 
1920 
3228 
12054 
7771 
6008 
1177 
13196 
2182 
9379 
12757 
11725 
3683 
1299 
3478 
4405 
3582 
10788 
238 
2088 
10819 
3878 
10472 
12875 
8369 
7485 
11856 
8755 
12281 
1323 
7693 
5920 
10723 
735 
8494 
4930 
679 
12050 
3403 
908 
11931 
6844 
9945 
9241 
6148 
7602 
8897 
11677 
9152 
3542 
6632 
2696 
6678 
13057 
6406 
5 
2247 
260 
10878 
2290 
13238 
8963 
2255 
12446 
3043 
3464 
4763 
12099 
3980 
11347 
3761 
3005 
6010 
11058 
5992 
5323 
12200 
3170 
10139 
654 
7626 
9484 
11036 
7465 
3335 
7039 
3212 
1131 
4677 
454 
9664 
664 
6928 
3894 
6105 
12395 
7294 
9598 
7829 
5534 
6758 
2211 
852 
9251 
2805 
10760 
8619 
11857 
3430 
672 
7098 
2878 
11471 
5966 
1105 
9871 
12855 
10410 
7219 
6605 
11413 
5984 
10581 
11475 
3659 
68 
4337 
1975 
1220 
1852 
6348 
7138 
9399 
5353 
8784 
12729 
3096 
8301 
8980 
170 
2112 
8252 
1444 
5820 
6757 
4505 
6801 
1605 
7706 
12832 
1078 
8077 
1967 
8857 
12702 
7326 
1024 
6314 
10990 
13183 
13047 
1185 
11927 
6529 
6551 
1112 
4602 
11934 
3549 
11306 
12173 
8204 
7828 
2150 
7029 
10428 
12747 
12824 
5298 
6603 
4385 
7060 
8777 
6213 
3953 
11230 
12613 
10289 
5881 
8013 
12059 
2705 
7701 
3021 
8126 
5343 
3608 
3407 
5712 
9526 
3755 
7149 
5614 
3723 
9439 
13046 
317 
11064 
11589 
5854 
4153 
11194 
12436 
11091 
4569 
9366 
324 
1168 
8022 
5172 
1176 
11147 
8885 
12351 
6713 
4360 
1446 
10080 
2374 
13023 
6071 
5230 
448 
11478 
587 
12270 
9304 
11459 
10470 
47 
5269 
6512 
8632 
10307 
4307 
9451 
5565 
7726 
7821 
9160 
2562 
3065 
5049 
641 
7834 
3261 
4015 
10128 
778 
12889 
2289 
9048 
9970 
9514 
1036 
302 
4279 
9331 
8538 
4894 
5208 
2372 
12481 
6184 
5528 
10229 
4786 
8737 
5028 
5260 
11709 
1757 
758 
1055 
7107 
9727 
8958 
2184 
11915 
4704 
4860 
2228 
7129 
7658 
4144 
3159 
12630 
2640 
4784 
12615 
9875 
1350 
5331 
6012 
2458 
10982 
7428 
1680 
6495 
8309 
7814 
533 
6613 
7972 
2879 
13084 
13050 
9281 
3818 
8503 
13086 
12866 
483 
12946 
9680 
877 
9129 
2136 
8434 
2345 
5261 
5576 
2947 
1661 
10689 
10959 
7831 
2204 
12507 
7454 
10015 
8844 
8548 
11023 
2334 
2449 
12104 
12130 
8680 
7166 
10777 
5866 
12306 
11758 
1076 
935 
9213 
10005 
1841 
12639 
12850 
8600 
3336 
7173 
7969 
3150 
5175 
5694 
5660 
25 
2008 
4985 
8080 
11097 
6349 
8444 
2124 
9148 
2662 
12211 
334 
7560 
4487 
2524 
7073 
4731 
6486 
7422 
8342 
339 
2364 
12570 
10113 
8763 
8023 
5860 
12494 
5173 
10544 
12463 
2465 
8455 
9852 
3466 
1854 
5122 
11254 
9906 
8883 
2919 
11745 
12389 
1174 
6421 
3784 
8329 
4858 
5094 
4284 
10329 
1374 
2196 
8048 
772 
10557 
8448 
2652 
3313 
10350 
5131 
12401 
8947 
4822 
1599 
10720 
11781 
7451 
97 
10373 
1979 
980 
7358 
5266 
2884 
61 
7768 
11848 
11281 
10411 
607 
8439 
13177 
9797 
3648 
959 
5101 
1214 
11313 
609 
8937 
9392 
1066 
12459 
5779 
4827 
2421 
3809 
8136 
2186 
1656 
9515 
3215 
6938 
8213 
11638 
8336 
6347 
10240 
13020 
4178 
1871 
10678 
12439 
250 
564 
9052 
12467 
9203 
6018 
8609 
13232 
9567 
6428 
11706 
6972 
12135 
10492 
5623 
7295 
381 
13082 
5879 
9678 
5361 
4366 
1033 
6180 
5143 
9762 
10680 
8836 
1136 
7876 
1207 
5937 
5090 
7048 
12077 
12445 
9447 
7577 
3781 
9370 
10695 
9478 
9701 
7759 
8574 
12960 
10674 
8469 
10206 
3657 
3172 
4981 
5845 
5192 
12026 
11795 
4263 
7953 
7698 
2493 
2188 
6439 
8002 
4103 
11583 
3209 
1116 
9365 
161 
5550 
11043 
10588 
650 
2291 
2494 
6772 
5180 
4392 
1919 
4756 
10353 
4855 
12884 
11697 
1727 
7113 
8238 
11412 
2011 
12683 
10193 
9249 
7244 
5691 
10359 
4681 
5519 
3101 
10041 
11506 
8219 
13004 
12134 
1433 
4601 
11873 
10618 
7572 
10043 
11298 
4357 
2671 
9686 
7408 
8372 
4391 
7968 
1306 
4857 
10503 
3671 
12633 
6658 
12241 
13124 
6810 
9586 
13097 
1094 
9929 
10709 
5805 
4723 
3111 
8379 
5038 
6834 
6832 
9529 
3198 
8994 
3468 
3710 
11234 
6224 
11885 
7216 
12311 
3397 
10677 
3035 
786 
1755 
12929 
130 
3036 
7015 
5975 
2666 
2741 
10199 
4242 
11176 
9460 
6157 
12642 
1713 
12881 
12698 
720 
9068 
8355 
12035 
5687 
5019 
10547 
74 
9843 
2265 
8102 
12189 
11103 
11273 
2767 
2414 
5563 
11499 
2516 
5601 
10991 
9247 
2585 
12385 
1141 
7329 
771 
2087 
3496 
7833 
1171 
7455 
6657 
10865 
464 
9708 
1450 
4151 
5906 
9668 
5800 
4313 
12457 
2798 
3988 
10102 
5858 
12900 
4669 
7213 
4447 
8895 
8307 
178 
7440 
10235 
5499 
2863 
2382 
12333 
2723 
7609 
4561 
7756 
3314 
6550 
2976 
5734 
6616 
8756 
10331 
8292 
11840 
4866 
7748 
3624 
2914 
8089 
4303 
13074 
1427 
6634 
7487 
2929 
7045 
13026 
11541 
9602 
6253 
321 
1542 
8510 
3071 
9751 
13166 
277 
3929 
1601 
11988 
3539 
7702 
7592 
9488 
10362 
8916 
12745 
5447 
2459 
12635 
10752 
10414 
3352 
6609 
12972 
8221 
9604 
7908 
10228 
11749 
3420 
11200 
1049 
11547 
1676 
11425 
924 
4389 
10035 
3522 
1677 
6891 
12606 
24 
3569 
2740 
2991 
4585 
8854 
3280 
9449 
1252 
12219 
6579 
11807 
5669 
7757 
4331 
2691 
3518 
1003 
5590 
12006 
12758 
1128 
629 
12337 
9978 
6078 
10971 
13148 
690 
3432 
2281 
3205 
8103 
9164 
1397 
5158 
11961 
4138 
9870 
5837 
2734 
2513 
5489 
9989 
11050 
3642 
5838 
11018 
9689 
11231 
12434 
10391 
557 
11308 
10442 
4402 
4945 
11928 
147 
6093 
8887 
242 
1292 
4815 
9923 
2044 
4841 
6057 
4986 
12847 
7014 
4475 
13105 
3870 
11199 
5207 
5136 
13110 
10606 
4264 
8118 
5358 
5169 
11720 
11170 
1809 
9842 
10302 
11414 
11287 
4260 
7442 
9758 
8889 
10571 
9971 
1134 
10862 
2002 
885 
1872 
9860 
7031 
9756 
1248 
7498 
12294 
11182 
12876 
6906 
6373 
8117 
9983 
7871 
862 
6884 
1893 
7327 
7627 
3088 
12175 
7570 
1768 
6183 
9744 
7919 
3204 
9683 
10857 
5305 
1110 
7988 
3238 
7357 
1120 
9204 
12590 
8850 
9948 
12359 
4801 
8803 
11982 
6043 
881 
10809 
8527 
856 
11557 
7923 
3203 
11750 
4277 
6706 
12587 
7001 
8488 
9329 
13188 
2206 
10748 
8189 
10820 
4387 
1583 
815 
6986 
12003 
9183 
11550 
10308 
11381 
584 
10632 
2104 
4764 
1622 
2830 
1535 
3424 
6995 
3455 
10944 
6627 
2434 
6732 
6533 
7245 
2882 
286 
11597 
3383 
54 
7612 
7432 
1249 
10725 
10567 
10911 
9628 
12833 
10889 
11458 
7932 
5177 
11085 
2096 
4628 
6973 
11751 
5940 
4367 
5332 
2955 
11128 
8120 
2787 
12662 
9670 
12349 
10666 
12995 
11670 
12375 
9552 
10051 
10714 
6914 
10608 
9954 
9489 
3546 
1504 
7679 
10024 
9681 
1589 
3385 
10407 
3481 
5128 
10759 
10731 
12895 
3592 
5706 
7656 
9780 
5027 
13180 
6572 
9516 
1907 
12867 
10939 
12047 
9297 
12583 
8522 
7975 
10474 
9036 
4127 
11274 
2759 
1330 
2452 
8709 
4580 
9282 
11534 
6133 
1077 
6032 
968 
12097 
8445 
2906 
476 
828 
12834 
9090 
1693 
5685 
525 
5833 
9274 
3865 
11172 
10295 
4656 
3229 
8862 
12516 
5764 
1646 
6254 
9091 
5749 
4709 
1104 
6194 
6447 
1303 
255 
2245 
4675 
3395 
6310 
12145 
8911 
4579 
9415 
1050 
4590 
12022 
11765 
5608 
9873 
8614 
10852 
4286 
1565 
539 
1606 
3869 
1720 
3163 
2394 
8557 
5639 
13214 
10736 
4691 
11888 
2294 
207 
11546 
9396 
5462 
6655 
5791 
2591 
5061 
8335 
1257 
3479 
4886 
343 
6528 
5982 
11664 
4013 
11071 
4645 
8220 
11068 
3341 
660 
11851 
12155 
8661 
508 
8400 
8073 
12695 
10582 
8724 
608 
37 
929 
8540 
5786 
9466 
10705 
5772 
3274 
11779 
7405 
10153 
12956 
12236 
4573 
11667 
5213 
7272 
12464 
6206 
5439 
2425 
4606 
2546 
293 
3243 
12548 
3538 
6593 
10977 
9408 
117 
6002 
6140 
13083 
9775 
346 
3244 
1971 
7102 
12493 
3052 
1291 
7708 
1296 
3160 
11044 
7203 
356 
5883 
10640 
1029 
3597 
9525 
3788 
10510 
12525 
12094 
6134 
6232 
7286 
4950 
5193 
383 
4068 
11793 
2351 
4493 
566 
9650 
1126 
4139 
8143 
9425 
7795 
7389 
13216 
1234 
155 
12601 
7979 
1839 
10956 
4378 
3321 
7517 
11850 
5943 
7160 
10942 
2507 
11039 
9296 
307 
10901 
3322 
3957 
12386 
9899 
719 
10224 
3082 
8375 
8703 
8297 
6763 
9371 
11900 
11687 
9544 
603 
954 
9565 
3942 
10729 
13045 
7800 
11248 
7452 
379 
10482 
12741 
10721 
8443 
11267 
5161 
13049 
1588 
11901 
10641 
5924 
8284 
11753 
4244 
1630 
8873 
6660 
10879 
2051 
11543 
1864 
273 
12052 
114 
13178 
6795 
3792 
1113 
4194 
12755 
3643 
5318 
12650 
5268 
3927 
12756 
616 
12340 
3972 
8806 
3658 
9038 
11831 
290 
9493 
8186 
5062 
11244 
5164 
2665 
721 
9034 
6083 
6587 
3091 
12452 
7481 
6548 
12537 
8248 
8350 
3097 
5785 
1217 
9495 
7990 
10648 
11302 
3145 
10258 
1261 
7794 
4627 
10566 
3456 
3120 
9578 
10925 
3283 
9999 
4377 
1329 
4507 
2932 
7622 
4564 
2710 
13054 
3048 
11682 
6243 
10702 
911 
3252 
2321 
6427 
11084 
10504 
810 
5579 
12238 
8624 
7024 
1692 
2064 
10630 
6029 
11940 
211 
11259 
8098 
10003 
13122 
7120 
8928 
5594 
2070 
12267 
9055 
13068 
4713 
7881 
244 
7797 
12205 
1183 
1351 
7696 
8616 
15 
12809 
8556 
4055 
4993 
7907 
2332 
3985 
6597 
5485 
8208 
8403 
897 
10345 
8066 
2107 
12863 
4431 
10265 
12681 
4508 
8867 
11300 
1540 
6219 
10218 
12699 
2362 
6118 
8689 
1145 
1910 
7530 
8038 
8950 
5324 
2543 
5929 
5202 
428 
6320 
9079 
1767 
3142 
6112 
5688 
8245 
5558 
102 
6444 
6317 
5292 
11692 
9987 
29 
8276 
5719 
6173 
7556 
6022 
9883 
2160 
10027 
8585 
818 
3113 
4201 
1873 
9457 
10905 
8024 
8848 
4661 
10762 
2580 
1814 
2806 
12621 
6675 
6819 
9700 
12539 
10739 
11073 
438 
4685 
10011 
12530 
10401 
10685 
2752 
12126 
3679 
789 
6290 
2108 
6561 
2279 
9187 
9120 
4928 
11163 
1474 
5912 
4 
6827 
4850 
1709 
10075 
11456 
4804 
5429 
5370 
7139 
4634 
5086 
1769 
148 
10754 
1009 
404 
8154 
6731 
12899 
11116 
7600 
10387 
11028 
10173 
8074 
1400 
2865 
2048 
13197 
2669 
11013 
6418 
12706 
4441 
7434 
4924 
11133 
6787 
9777 
1327 
7870 
5857 
3783 
9740 
9427 
3488 
2135 
8542 
6099 
10838 
6 
4425 
9915 
594 
5246 
10480 
3583 
7051 
11799 
3349 
3299 
226 
6067 
10854 
10746 
11001 
11417 
9438 
6494 
538 
8163 
8060 
2227 
9030 
5041 
3316 
10312 
731 
2954 
12101 
11529 
113 
420 
6744 
8273 
549 
9346 
6061 
6345 
6131 
9153 
11514 
12318 
9788 
11862 
11966 
3011 
8539 
12320 
12010 
2635 
2258 
7630 
950 
981 
5335 
5824 
1593 
10182 
8025 
19 
6038 
5481 
6415 
2344 
323 
6356 
7542 
8492 
10851 
9959 
1072 
11489 
4913 
12811 
6918 
11511 
12341 
4549 
11615 
479 
10324 
5693 
98 
5544 
11177 
8271 
486 
11508 
9785 
5235 
6040 
3222 
9690 
7848 
10169 
1181 
10385 
7534 
5844 
7806 
11292 
6870 
9259 
704 
4226 
2598 
10515 
7651 
3293 
11387 
5196 
3885 
3641 
7155 
6760 
299 
190 
1186 
10603 
10706 
1429 
12555 
7998 
3154 
6584 
9914 
12715 
247 
9480 
4780 
3141 
12282 
7362 
4620 
10417 
551 
12421 
4884 
12801 
6076 
3138 
9917 
11999 
11871 
5955 
8925 
8423 
7316 
2502 
7306 
10022 
6705 
887 
9718 
2299 
5338 
3371 
4045 
7680 
10540 
4116 
7790 
8696 
9820 
12529 
2621 
9864 
5852 
10803 
2891 
6483 
6489 
6274 
5795 
8602 
9327 
7568 
7222 
6877 
1401 
779 
3085 
12549 
7302 
4653 
4203 
1117 
2777 
5896 
8648 
1002 
6788 
9384 
8642 
2474 
4293 
7429 
8967 
1534 
4826 
4785 
11403 
1574 
7890 
12261 
8965 
2578 
12408 
13087 
4571 
4003 
6285 
12591 
773 
10810 
1888 
8470 
6966 
3426 
7891 
4724 
4247 
7406 
1035 
11957 
6823 
5044 
4326 
865 
8629 
2359 
5847 
8654 
2296 
4683 
7374 
7880 
6122 
1152 
11314 
6026 
6333 
8584 
13229 
2679 
2897 
10776 
13062 
9868 
8796 
2380 
1946 
4689 
515 
545 
13027 
6275 
11810 
8997 
7199 
3555 
695 
4498 
2172 
6023 
7531 
2065 
13137 
6961 
13176 
10271 
7596 
7087 
1439 
4599 
6850 
11524 
11730 
236 
8505 
11970 
5970 
468 
9942 
1778 
2672 
10612 
1992 
6944 
6179 
9250 
3944 
12999 
3295 
10929 
4687 
10624 
886 
10753 
1114 
5646 
8137 
5862 
5113 
7544 
9124 
7525 
10583 
4749 
7654 
9648 
10273 
4649 
8907 
2650 
753 
3342 
5189 
2323 
12048 
6297 
836 
4867 
386 
9374 
5308 
8669 
6278 
6488 
9295 
12761 
2657 
635 
5336 
8415 
11517 
5102 
8383 
5701 
13192 
5793 
3075 
2446 
8604 
5278 
3387 
6826 
3355 
10699 
5983 
4733 
11561 
8978 
2587 
819 
4296 
9605 
9694 
8499 
879 
11385 
1881 
9734 
9936 
2407 
8783 
41 
6574 
11168 
8146 
6386 
3981 
10772 
2475 
5818 
4868 
10765 
2277 
2687 
7642 
5853 
5568 
10013 
8508 
10165 
2786 
11846 
4301 
5050 
7417 
9895 
1018 
7678 
284 
10668 
12492 
1275 
9932 
1634 
850 
11880 
11545 
9019 
3796 
9245 
4135 
70 
9548 
4210 
4958 
825 
11894 
5054 
12581 
5841 
2883 
11668 
5079 
5160 
10963 
388 
12323 
3409 
5179 
9037 
12746 
1615 
734 
5078 
8202 
13098 
8579 
7359 
2532 
2083 
7695 
958 
9901 
4745 
11832 
12839 
11057 
528 
8362 
7961 
6242 
8728 
10085 
8880 
11685 
3525 
12364 
8912 
9285 
883 
10396 
3779 
88 
6656 
6606 
349 
396 
1663 
1334 
12051 
588 
387 
12568 
9464 
1468 
9890 
8149 
270 
2210 
5876 
3743 
8961 
7207 
5371 
6063 
1966 
5200 
6669 
12361 
7130 
134 
1416 
2130 
11195 
13059 
3956 
5482 
8188 
7785 
9931 
4893 
11624 
376 
7237 
2512 
3715 
3408 
12456 
3897 
228 
10378 
907 
2451 
10692 
11681 
7863 
6594 
12851 
12982 
10978 
10814 
6900 
4204 
11014 
1062 
9122 
2339 
11595 
7314 
812 
6633 
7843 
11975 
10048 
2310 
6410 
2724 
9634 
5126 
6402 
2024 
11987 
8558 
12090 
6102 
1490 
2437 
1764 
4097 
8990 
13123 
2417 
13085 
10367 
498 
7501 
12974 
4942 
5097 
11608 
12284 
3711 
12106 
2439 
10836 
8190 
12743 
7304 
4819 
4424 
4046 
120 
4531 
3208 
4001 
1808 
11648 
4541 
4746 
7553 
6299 
11428 
3751 
7637 
10137 
7239 
13164 
10294 
3917 
11112 
12295 
10628 
5547 
2071 
2113 
2116 
5366 
9191 
10163 
12738 
9195 
4996 
11188 
2964 
4762 
4595 
9533 
7528 
10172 
2888 
2846 
3050 
7865 
4611 
9269 
280 
8917 
2597 
10642 
10115 
9766 
6752 
5046 
6892 
9822 
6639 
6337 
5829 
3200 
11210 
6191 
4141 
5099 
6703 
13195 
8718 
12119 
95 
4076 
8514 
7030 
7623 
10816 
2782 
4832 
10419 
4870 
5380 
904 
1218 
2314 
12511 
12314 
482 
12484 
4253 
3892 
12297 
12274 
2918 
2221 
5346 
7361 
3291 
5445 
8596 
10293 
6542 
1859 
7342 
6583 
6878 
10513 
688 
1575 
9300 
1496 
562 
1522 
12880 
12053 
12975 
206 
10026 
951 
12416 
8999 
11341 
4444 
4833 
2025 
10984 
10471 
8071 
2541 
5603 
11994 
11937 
8293 
3368 
1081 
10837 
5796 
11437 
2802 
5699 
11075 
4306 
7691 
3254 
6198 
2066 
13145 
11426 
9096 
12949 
3471 
8646 
1484 
12797 
4314 
6905 
6054 
5389 
4529 
1901 
2731 
4729 
4718 
2103 
2670 
10338 
3131 
11052 
6577 
5488 
12296 
7131 
8606 
9199 
3663 
1156 
3277 
6623 
11903 
4660 
6571 
8562 
11992 
9361 
12390 
5087 
10924 
9257 
11238 
4757 
10098 
6911 
1441 
12624 
11736 
1882 
1905 
12965 
11838 
3591 
5659 
4163 
10899 
69 
2628 
10846 
3931 
9220 
1225 
11209 
9499 
658 
4150 
6113 
945 
3337 
10536 
4665 
2173 
1903 
1309 
4341 
11348 
6907 
3919 
5263 
3425 
3970 
7742 
8524 
3595 
11963 
1399 
3925 
5444 
4949 
5905 
12208 
2471 
3325 
8279 
12447 
6471 
2528 
1070 
6267 
3886 
3937 
5914 
2267 
5405 
11324 
530 
2506 
12582 
11936 
4351 
10559 
6638 
73 
9471 
10825 
915 
1502 
8881 
5436 
4197 
1532 
7333 
807 
2266 
3990 
11400 
1241 
3874 
12423 
7238 
365 
6651 
10317 
7803 
2473 
1281 
5537 
1048 
12007 
13225 
2913 
8045 
6595 
8620 
11449 
7736 
9368 
2131 
5233 
6121 
1139 
7811 
4502 
7433 
7527 
9217 
4922 
3047 
8191 
8324 
9006 
1973 
2466 
10970 
4008 
9461 
8029 
12086 
4006 
4917 
770 
9134 
12718 
7150 
6759 
1269 
12394 
9655 
5928 
10439 
9144 
3064 
9223 
4232 
6456 
1647 
9409 
9905 
10541 
10985 
9688 
11607 
2224 
3292 
3241 
7486 
6436 
9994 
5768 
3246 
8231 
9798 
3331 
10972 
9395 
3503 
4975 
6532 
11836 
5672 
11833 
9078 
6359 
4902 
2217 
12711 
1631 
11643 
13185 
11502 
2868 
10794 
2973 
8529 
12677 
1414 
6748 
12210 
10418 
9659 
10300 
10112 
4028 
9587 
4977 
3070 
12526 
11275 
4618 
7057 
4795 
6318 
11289 
6764 
2222 
8453 
3901 
9564 
2020 
2059 
12203 
1288 
2558 
10286 
11605 
2602 
12675 
9458 
2101 
3823 
5596 
3146 
6292 
2848 
8717 
8613 
10103 
107 
4238 
4914 
167 
11842 
11375 
12842 
11415 
5440 
10863 
2006 
3520 
5146 
7260 
1754 
9221 
2322 
8839 
1 
9306 
10738 
12342 
8021 
9419 
4061 
8675 
6470 
11406 
11744 
804 
2698 
8535 
9538 
1586 
11789 
3819 
13034 
3367 
10932 
12752 
12131 
5667 
8175 
13212 
3458 
2327 
5849 
6531 
756 
6027 
2137 
8943 
329 
8411 
1264 
6829 
2408 
4905 
494 
8745 
4175 
589 
1196 
8729 
12185 
11921 
11974 
9298 
1804 
9151 
12324 
426 
986 
10655 
11925 
6653 
3674 
11060 
5776 
4974 
6886 
5682 
7690 
548 
7133 
12162 
10568 
1712 
7425 
10866 
5521 
2400 
7401 
225 
10325 
11203 
2573 
11143 
7196 
7439 
8692 
12206 
6544 
8474 
4000 
1657 
11510 
1525 
6007 
1940 
2870 
7346 
9715 
5311 
8676 
7184 
9849 
6363 
1060 
10872 
5492 
9908 
1157 
2972 
9698 
8977 
1064 
942 
12818 
5513 
6238 
8768 
9828 
6783 
3695 
1835 
7469 
11738 
9834 
8268 
12728 
2763 
5698 
10780 
3989 
8577 
12449 
2377 
7277 
1832 
1824 
3494 
12910 
3461 
8686 
12645 
9342 
13071 
10109 
6033 
12545 
9263 
8263 
2748 
11033 
1913 
2821 
10834 
8181 
6679 
8627 
12767 
10961 
9292 
12197 
3469 
1731 
5412 
12819 
10164 
4308 
5426 
9369 
1161 
1844 
4032 
5458 
10535 
5552 
4406 
11083 
6115 
11863 
6663 
10432 
6255 
956 
3132 
2905 
11126 
6162 
10485 
2285 
10372 
6661 
9400 
5932 
7254 
10019 
4189 
10177 
4668 
9284 
3311 
5415 
10309 
5618 
949 
12692 
4395 
1495 
5427 
10070 
5788 
10623 
11917 
12785 
7633 
9044 
4079 
6811 
3936 
2828 
9417 
10526 
375 
1788 
4315 
3233 
697 
5520 
7224 
7059 
12 
10802 
3446 
12948 
11693 
4563 
8251 
3747 
4455 
10363 
705 
541 
11111 
4835 
6003 
2436 
4408 
351 
11574 
1266 
12616 
12659 
4690 
1408 
12569 
7875 
9272 
6939 
6883 
3836 
10662 
1547 
11683 
868 
10587 
3034 
11092 
2121 
1807 
188 
5271 
4330 
800 
1412 
7648 
5153 
1499 
796 
10691 
10461 
1740 
8544 
9450 
3545 
110 
5448 
4972 
4327 
8294 
12278 
12813 
3883 
9045 
3950 
9793 
6991 
6383 
13153 
5754 
6017 
2409 
12869 
7838 
4333 
1452 
11021 
10645 
2831 
4071 
8749 
4037 
6352 
8566 
4641 
5827 
12856 
2177 
4912 
9432 
9832 
2675 
1456 
4739 
7522 
10061 
10160 
11839 
5297 
2423 
6607 
12165 
4727 
11962 
6947 
10021 
12906 
10159 
3570 
3664 
12024 
9830 
11342 
11096 
5219 
11444 
11486 
7232 
4373 
12860 
7189 
2791 
3916 
13065 
490 
1277 
11152 
1235 
9462 
11875 
9669 
10555 
7497 
10237 
8736 
4270 
1518 
4883 
5216 
9253 
12918 
11877 
3396 
10108 
8760 
2415 
7989 
10091 
4781 
6395 
9721 
11926 
10066 
11340 
4248 
1455 
4978 
3353 
7500 
10960 
11884 
2624 
2941 
9147 
8678 
6188 
8730 
6695 
1228 
4159 
10230 
1381 
13032 
12954 
8242 
9998 
12666 
447 
2298 
5294 
7317 
11935 
1385 
5865 
11531 
12176 
9773 
12802 
5443 
9359 
3236 
8346 
11080 
5031 
7576 
7664 
1761 
7526 
3544 
5030 
11206 
8357 
7685 
11142 
3123 
2144 
9601 
3912 
1085 
7340 
6034 
7313 
5075 
2161 
813 
13237 
3039 
6959 
309 
6847 
7307 
5418 
8278 
3527 
7802 
163 
3847 
10897 
10644 
4848 
7132 
1197 
11676 
5511 
3225 
6339 
9916 
8435 
6135 
10553 
1851 
4250 
7353 
1837 
11886 
11768 
2360 
3269 
2336 
5198 
1250 
13112 
5843 
13029 
12980 
7172 
2259 
7954 
253 
1075 
2013 
12878 
6256 
5541 
3445 
187 
10399 
4506 
4445 
3058 
11178 
2509 
12913 
1294 
13064 
2754 
10425 
12081 
9745 
8647 
7812 
2993 
7770 
8764 
8504 
7943 
1046 
12285 
5043 
6946 
11211 
11759 
8050 
7046 
2263 
1016 
3345 
9764 
8210 
1262 
8618 
2804 
9889 
1005 
9607 
5745 
6745 
11854 
6396 
2615 
2074 
13199 
7758 
10656 
3197 
9553 
6332 
9154 
12313 
7463 
4024 
8164 
6923 
9661 
3949 
3772 
1594 
12015 
12224 
8587 
10708 
3639 
6865 
6005 
10967 
4909 
3250 
2676 
6511 
3423 
6527 
6058 
2326 
9576 
9833 
10672 
12520 
4060 
469 
12057 
11299 
8599 
7414 
1884 
3941 
11174 
6080 
1284 
5566 
3805 
3523 
11212 
3820 
7371 
33 
4547 
649 
10565 
1367 
7157 
9338 
3757 
4722 
6459 
2527 
8693 
3749 
11760 
8184 
7776 
5512 
7016 
10175 
10213 
8652 
1763 
5022 
11841 
1815 
11914 
10161 
8269 
11560 
3004 
11509 
9214 
1471 
7212 
596 
12186 
7909 
4721 
12004 
1771 
11102 
12800 
12280 
3967 
11144 
3622 
9350 
7175 
5377 
6861 
9107 
158 
11224 
2280 
1107 
10050 
10162 
4215 
8211 
2682 
2239 
5386 
12933 
7448 
12252 
11270 
8170 
11127 
526 
13115 
2704 
10352 
1503 
10611 
10045 
6021 
10663 
8971 
12171 
4970 
8611 
9357 
6615 
7850 
5452 
2517 
6798 
9743 
7584 
2166 
3838 
4971 
3736 
8096 
6070 
458 
962 
1941 
7610 
9423 
4765 
8731 
4809 
10593 
12858 
4637 
5016 
513 
7832 
8714 
2428 
2699 
5401 
8135 
11743 
8902 
4274 
11204 
3867 
359 
5642 
9321 
5222 
2485 
10732 
12719 
5727 
8518 
10962 
10077 
8879 
1538 
2836 
8072 
8205 
8264 
2499 
9290 
7649 
1382 
1223 
9510 
3584 
10735 
12905 
1102 
7441 
12578 
3463 
3619 
7657 
12845 
1470 
8472 
5564 
371 
3760 
8933 
6369 
6943 
2683 
7941 
12792 
5535 
7325 
4622 
2170 
10477 
2807 
5722 
2730 
6009 
10930 
944 
1187 
10032 
811 
1286 
8115 
27 
1445 
6868 
3487 
10196 
5901 
287 
9784 
531 
4830 
10168 
11129 
12055 
11724 
6248 
1662 
684 
9128 
13005 
3510 
2819 
3436 
3428 
9559 
1402 
8725 
4420 
8392 
12810 
8101 
8840 
2881 
7262 
4463 
9426 
668 
9658 
7375 
1607 
11711 
473 
2965 
9577 
4083 
1643 
2834 
2404 
7496 
561 
3685 
2732 
6664 
11719 
12518 
8834 
4752 
6344 
4352 
540 
3724 
4499 
5410 
10135 
1082 
7208 
8378 
9230 
5763 
9897 
2504 
8365 
8053 
12273 
4449 
9305 
8986 
2742 
8008 
124 
2365 
5665 
8145 
5434 
11265 
4600 
2482 
3451 
9965 
5589 
10558 
8576 
5144 
10639 
9063 
8407 
7391 
5088 
444 
9884 
5416 
11944 
9840 
6974 
1977 
3217 
9163 
12245 
3691 
6307 
2689 
9334 
11507 
1254 
12694 
12505 
10861 
7810 
2554 
3226 
6182 
11596 
2340 
11493 
552 
598 
11791 
652 
8720 
6353 
9585 
10671 
9823 
2867 
332 
2215 
2825 
12814 
10818 
9138 
10243 
8891 
3298 
4916 
108 
7629 
84 
12417 
7796 
2988 
6818 
10525 
9114 
8108 
8090 
8809 
9403 
10192 
9254 
4836 
4572 
11435 
12827 
6610 
4177 
11483 
9197 
335 
4458 
7179 
12033 
4280 
2274 
1376 
5855 
8808 
10610 
3852 
10921 
3041 
8391 
1746 
272 
9227 
8780 
6177 
9200 
3995 
12373 
2175 
7862 
7080 
11896 
9456 
11481 
7554 
12414 
2975 
7136 
5963 
6178 
2067 
947 
12930 
11055 
9388 
1422 
2149 
4817 
267 
11225 
169 
355 
3053 
7652 
3763 
1396 
385 
13008 
3829 
748 
9299 
380 
2297 
6171 
4842 
2367 
2402 
11878 
3326 
2307 
2803 
10914 
9787 
4678 
7516 
11817 
4072 
3194 
4230 
11742 
8412 
1555 
268 
7117 
6000 
11419 
11796 
9956 
12287 
12778 
7605 
10200 
4982 
6501 
1826 
11121 
9097 
2390 
7341 
9547 
922 
1099 
3308 
782 
12495 
12779 
13139 
12631 
9406 
8532 
1335 
8805 
11663 
13041 
2899 
3303 
7772 
6174 
214 
5633 
12411 
7493 
5174 
891 
1054 
7308 
10797 
6926 
7096 
1691 
446 
9056 
2251 
4128 
11910 
3634 
12430 
3386 
5662 
4249 
7537 
14 
1850 
5673 
7050 
521 
964 
5629 
11571 
6873 
11591 
8983 
6922 
5181 
1536 
519 
728 
1578 
6640 
7218 
13174 
834 
3178 
3853 
4553 
5917 
8695 
4281 
5625 
11516 
7869 
4878 
6534 
713 
6092 
11472 
6753 
5226 
6549 
6846 
823 
5232 
4555 
2487 
3227 
4146 
5690 
7201 
2829 
3590 
11228 
8633 
11592 
11504 
4698 
8890 
895 
7918 
12491 
1734 
10469 
5637 
662 
11 
248 
7946 
9746 
9749 
8877 
1251 
5348 
4891 
7687 
13154 
7762 
9772 
1205 
7372 
3934 
9933 
2908 
3767 
11575 
10815 
8243 
11155 
1802 
12789 
4354 
3996 
1548 
5435 
1889 
11762 
4872 
11785 
4562 
678 
13037 
10957 
11983 
11048 
3541 
6649 
4086 
3072 
8227 
1749 
6325 
11590 
10653 
7822 
7511 
7248 
4536 
7036 
405 
372 
10888 
2945 
899 
9498 
3140 
646 
8406 
12136 
2880 
3134 
5168 
1150 
2355 
2639 
5339 
13128 
8956 
5498 
4546 
9618 
2191 
5961 
12107 
7996 
11951 
1226 
8830 
3573 
195 
9990 
4591 
6367 
9452 
10896 
11197 
12360 
9026 
10127 
5074 
4063 
6374 
9757 
8201 
9242 
4053 
739 
4398 
7752 
11393 
12963 
8062 
45 
5002 
1801 
7973 
9103 
12075 
3334 
10290 
12923 
4725 
2127 
12599 
425 
6446 
4664 
3991 
569 
9113 
13202 
6308 
9381 
10613 
9603 
65 
9445 
6149 
1753 
1476 
9663 
2073 
2254 
963 
2385 
4119 
6990 
6408 
10670 
12838 
5965 
5599 
1759 
5936 
504 
8128 
1348 
10560 
8673 
6327 
1653 
10189 
13204 
9127 
75 
7970 
11251 
1283 
7894 
6403 
10000 
12480 
7635 
1608 
12125 
11346 
8995 
1739 
9802 
1188 
9654 
12044 
10907 
1531 
8511 
7853 
2155 
12260 
6700 
4667 
5762 
1770 
6294 
4018 
1191 
4186 
9076 
11120 
4471 
8882 
5656 
3979 
5909 
7195 
4686 
5600 
7381 
11582 
2017 
8343 
4255 
13161 
6888 
2568 
4108 
13056 
10269 
5432 
9845 
9013 
1221 
8649 
7365 
5404 
820 
9104 
7042 
5832 
2817 
6064 
13222 
5593 
10204 
9947 
5950 
2910 
2056 
12348 
5082 
9622 
7671 
2818 
1748 
12370 
5740 
5039 
8534 
10693 
8704 
11837 
8818 
2832 
4821 
11392 
7435 
8465 
12914 
7472 
11457 
3698 
8959 
738 
6775 
10669 
5490 
4214 
6282 
11240 
2271 
8804 
12931 
9210 
10973 
3905 
12829 
5359 
5385 
5157 
13138 
12151 
2085 
9476 
6948 
11513 
1199 
1119 
12144 
3652 
10733 
7152 
628 
6419 
6050 
8109 
10465 
8855 
8134 
10761 
10221 
2826 
3497 
2958 
1195 
2333 
9265 
2213 
13239 
11964 
4320 
10843 
10129 
220 
13221 
12427 
8628 
2711 
4356 
8382 
10791 
7028 
8827 
11908 
9268 
9101 
5428 
3166 
5908 
8026 
1428 
4042 
13173 
13096 
3079 
1982 
6154 
7457 
7887 
11757 
13033 
3300 
9424 
10395 
9358 
1845 
9377 
794 
12646 
8386 
882 
1394 
1004 
736 
943 
4348 
2491 
11394 
3330 
2894 
3019 
1238 
10361 
8055 
10251 
2702 
10562 
7872 
10898 
3780 
5695 
11501 
7711 
4102 
5986 
241 
2095 
8726 
12120 
8960 
8203 
7174 
11409 
3174 
13104 
2886 
6168 
11157 
11523 
1867 
9171 
3327 
3018 
2457 
11453 
298 
8656 
4350 
6392 
10543 
11985 
1787 
11870 
9810 
7266 
11160 
9613 
12058 
9595 
12279 
8180 
11647 
8870 
2084 
10058 
3812 
806 
2904 
205 
5692 
546 
5583 
2930 
10578 
3907 
13058 
7575 
11235 
8344 
9206 
4951 
9799 
7889 
12844 
2780 
2278 
12604 
8395 
4624 
3024 
2997 
8156 
12201 
614 
9874 
10209 
4254 
4799 
5987 
11135 
687 
10156 
11338 
1785 
9100 
2935 
2418 
2363 
9615 
13143 
8829 
2921 
12684 
1995 
1198 
1297 
1567 
11632 
11525 
12846 
8148 
10090 
11803 
576 
9255 
7857 
3218 
1698 
11222 
10145 
12934 
6800 
3264 
3889 
2599 
4497 
1855 
6293 
361 
661 
12952 
716 
13095 
6525 
5823 
13025 
932 
3770 
2917 
5611 
13001 
6498 
11462 
8509 
9066 
12435 
11002 
12029 
615 
417 
11161 
5403 
13159 
4593 
9352 
8172 
9910 
8575 
2575 
5391 
5545 
3032 
6842 
8287 
303 
8462 
2369 
2483 
2004 
7827 
465 
12721 
4188 
10009 
6964 
9862 
11672 
12040 
3877 
11835 
5949 
7615 
7416 
4432 
9010 
7725 
10579 
5316 
10268 
11920 
2861 
10938 
2248 
2889 
1013 
11698 
4769 
8424 
7817 
3110 
6707 
4292 
5840 
12028 
9012 
11899 
13226 
11538 
9835 
4937 
12156 
11930 
6165 
2105 
7502 
632 
7268 
1943 
8570 
9568 
183 
11026 
2900 
2476 
3665 
6677 
2725 
12919 
3778 
256 
12739 
5755 
4404 
7849 
9966 
12873 
10766 
4198 
1147 
10079 
1741 
4484 
4581 
7339 
11911 
11217 
12489 
11468 
2433 
8141 
3118 
9095 
4419 
12979 
11780 
12784 
5156 
8082 
5835 
9816 
9789 
10422 
991 
5935 
4657 
11533 
853 
8974 
6628 
7323 
5758 
2201 
2012 
983 
2039 
5060 
4513 
1652 
12940 
10704 
11067 
8615 
5742 
12102 
746 
10545 
7555 
9412 
1951 
4525 
12000 
12927 
4796 
3062 
2302 
10964 
11470 
7348 
4828 
7085 
1242 
7019 
9188 
5562 
6740 
3926 
7886 
6120 
5979 
2319 
9238 
5360 
13017 
11959 
501 
4559 
3524 
12835 
9841 
8009 
12257 
9031 
249 
8332 
151 
12478 
11671 
8476 
11396 
3003 
10340 
3993 
1960 
10012 
1247 
2151 
11245 
9360 
8167 
4052 
9139 
12212 
8298 
4023 
5224 
12886 
1700 
5889 
1343 
3372 
12751 
105 
8573 
2981 
5394 
2774 
8460 
3401 
10292 
7407 
2540 
9831 
9131 
6719 
6441 
6879 
11576 
7182 
4088 
3713 
12870 
12412 
8909 
593 
7483 
3290 
10798 
10059 
3881 
4875 
1953 
373 
4353 
5713 
6867 
12723 
12113 
8430 
1666 
6885 
2686 
6614 
6955 
6720 
4457 
6233 
5147 
5868 
8498 
5766 
2876 
3460 
3640 
1244 
11569 
10463 
7109 
9467 
9185 
926 
12594 
11718 
1040 
3081 
8875 
11446 
3211 
10174 
3943 
7309 
12589 
481 
3789 
3962 
7393 
4106 
5077 
11303 
1890 
3670 
10585 
4613 
11784 
4630 
4650 
7611 
2510 
10523 
10288 
9001 
10031 
10933 
1823 
763 
4519 
8274 
6370 
9310 
8626 
4700 
6068 
10386 
4211 
20 
1332 
2907 
128 
7659 
7580 
743 
7825 
5539 
11704 
10992 
6343 
4122 
11046 
11106 
6727 
8801 
2783 
6301 
13009 
11011 
2272 
11488 
1781 
182 
5375 
11727 
975 
4344 
592 
7478 
13070 
7144 
5789 
4750 
12399 
6837 
4959 
754 
10437 
1493 
9157 
861 
5836 
11804 
9231 
6123 
2431 
7942 
5255 
9640 
6296 
10524 
12916 
11625 
12239 
1118 
9649 
1290 
11223 
5024 
305 
4948 
9887 
10076 
13069 
2538 
12552 
12358 
9291 
8531 
10615 
3375 
11631 
9025 
8012 
6176 
8841 
3370 
7200 
439 
9591 
1038 
18 
6387 
1508 
6809 
1650 
10138 
9691 
2983 
9180 
6461 
10609 
3871 
10479 
13043 
4771 
8129 
5354 
12904 
12709 
7729 
5374 
12538 
12065 
1956 
4200 
12227 
7419 
12254 
9877 
6175 
152 
1481 
3994 
3966 
3474 
3703 
3771 
4890 
1071 
9786 
3797 
2749 
9303 
5197 
9888 
8352 
4695 
6283 
9168 
9337 
518 
9941 
4839 
8719 
1658 
9440 
12272 
2800 
4897 
5894 
6101 
5347 
13132 
12366 
12619 
2877 
12759 
2232 
5962 
5104 
6364 
9827 
10408 
4054 
12708 
505 
9455 
8447 
7705 
6496 
13117 
6915 
5923 
141 
3661 
10413 
1000 
5166 
9761 
10060 
6192 
12504 
2985 
9146 
5678 
12981 
3609 
10369 
6863 
9760 
3267 
6107 
4900 
8871 
8716 
11062 
297 
586 
11617 
6839 
9570 
7125 
7744 
4522 
6853 
8497 
11578 
2292 
8253 
8390 
918 
11473 
4800 
5999 
4057 
4145 
4651 
9418 
8155 
10094 
1609 
4014 
9430 
71 
1063 
10087 
8083 
1944 
9903 
3279 
12676 
3389 
2126 
663 
5053 
12469 
4107 
436 
9857 
5584 
10195 
9475 
9351 
10134 
184 
1577 
10740 
5707 
1098 
13028 
2505 
12163 
8821 
11311 
3033 
9328 
1312 
10936 
10690 
10931 
7934 
12970 
10509 
3581 
23 
4251 
10531 
9058 
9293 
1201 
2348 
4358 
8491 
6505 
10484 
2536 
10771 
4433 
3346 
12154 
1738 
12014 
7792 
261 
4557 
2001 
3502 
12534 
5243 
3898 
11740 
2579 
5654 
10244 
5378 
10597 
1405 
5554 
9796 
72 
5767 
8199 
4768 
581 
10773 
1025 
10284 
12937 
5610 
3281 
6739 
5091 
11081 
11100 
714 
8795 
12466 
9531 
3360 
2117 
13119 
3369 
6393 
6786 
8975 
6130 
12609 
12513 
8037 
2347 
1924 
7616 
3575 
8016 
223 
1849 
5710 
5728 
11386 
913 
8543 
8051 
7086 
11805 
3473 
2915 
13016 
10827 
11382 
8607 
10184 
9411 
10994 
3022 
4820 
1342 
2842 
8603 
2968 
3256 
1417 
2503 
2454 
4460 
8842 
2638 
6648 
11328 
10333 
7078 
3635 
8817 
4166 
4050 
12559 
9657 
4021 
3273 
5548 
8637 
2171 
3656 
7049 
9522 
1639 
1625 
9240 
2559 
5621 
9115 
4462 
3453 
3742 
8831 
642 
1621 
4411 
11388 
7719 
215 
9000 
1256 
12580 
13203 
1732 
6035 
8067 
7123 
12783 
4906 
3558 
8996 
8915 
4851 
8697 
12753 
1591 
7978 
3417 
9776 
1554 
2556 
12771 
7883 
153 
7185 
685 
4130 
9362 
12527 
1194 
10864 
111 
10315 
12862 
7006 
4596 
9543 
12678 
1553 
9518 
1955 
7338 
10457 
2349 
7867 
4323 
8512 
12740 
602 
13011 
4728 
50 
12955 
2038 
2934 
7231 
10004 
11454 
2769 
11087 
8316 
9512 
9347 
10871 
7643 
5283 
9885 
6156 
7354 
9015 
7559 
11384 
2014 
11291 
4614 
12989 
9856 
1640 
5628 
2808 
1684 
434 
271 
1268 
1880 
10858 
11491 
3260 
7140 
10250 
3986 
1685 
1305 
11010 
384 
1507 
11237 
8099 
12188 
11577 
1545 
10217 
4170 
1491 
6404 
2927 
10688 
109 
6898 
2963 
4126 
12577 
10040 
7885 
10037 
6114 
7192 
3960 
750 
11304 
12217 
1434 
12244 
4638 
9072 
2978 
3565 
1137 
7689 
2633 
8682 
10131 
3055 
2586 
4511 
10654 
8554 
5626 
11213 
2488 
10823 
11407 
5613 
6904 
10001 
9736 
10126 
967 
12372 
12419 
243 
4229 
5661 
11351 
10784 
11123 
8354 
5813 
7984 
301 
11326 
4078 
1426 
7276 
5124 
1959 
10446 
10360 
11285 
5430 
7723 
7593 
8409 
1515 
994 
5438 
1580 
1970 
6717 
3230 
3804 
3672 
7126 
12928 
10910 
3171 
9005 
1056 
11678 
4273 
8003 
1395 
9194 
1387 
8166 
8261 
3964 
1559 
12216 
6560 
11602 
11349 
5001 
9534 
4813 
10887 
3391 
12265 
876 
1869 
2069 
10758 
36 
1703 
1530 
12347 
2758 
12648 
11465 
3319 
5201 
2561 
7458 
3728 
3862 
7047 
9482 
2942 
6576 
4379 
12293 
35 
4450 
4987 
2746 
7427 
9535 
1017 
6696 
12020 
7253 
8259 
683 
5666 
11809 
4615 
3054 
4908 
4672 
5658 
1912 
7490 
3173 
4222 
10211 
2995 
9283 
9667 
2050 
4340 
3614 
11110 
6103 
5787 
142 
11175 
12152 
10511 
11717 
3978 
10036 
1379 
6452 
3500 
6499 
4943 
10 
9174 
9165 
10505 
8713 
3 
9201 
6217 
229 
5494 
4770 
1987 
12132 
9089 
6701 
3531 
733 
2371 
4592 
4885 
6405 
10219 
3489 
6662 
6482 
5107 
11136 
1866 
7521 
698 
1346 
10804 
5258 
718 
5134 
12822 
10636 
12626 
9612 
846 
8672 
6090 
1914 
1008 
1821 
744 
9108 
6226 
5655 
3667 
5215 
13099 
10357 
9039 
7547 
3741 
12023 
4362 
3704 
5645 
2445 
11616 
3971 
279 
12628 
9597 
5420 
11410 
666 
6478 
2750 
12935 
5105 
1209 
12383 
751 
7781 
903 
2275 
3195 
3785 
7663 
6927 
11881 
6931 
7074 
1485 
12716 
6204 
6840 
8592 
10242 
9302 
11366 
4329 
827 
10152 
6890 
7541 
10917 
13158 
3514 
9470 
7412 
6882 
6520 
2234 
7503 
1618 
2134 
3585 
5994 
1644 
9520 
2287 
3221 
6205 
11069 
4920 
31 
5748 
677 
2610 
6924 
5557 
749 
10146 
9560 
1927 
10514 
12158 
6874 
2655 
10713 
10728 
1817 
2003 
9280 
9920 
10491 
3845 
6266 
6079 
13048 
6779 
2620 
8561 
156 
3380 
2019 
3933 
7097 
4777 
1230 
10817 
7197 
12521 
10383 
4403 
11125 
1111 
13135 
9182 
808 
9436 
11715 
2109 
12533 
11433 
9429 
11101 
312 
2796 
7653 
10647 
10552 
10575 
12027 
5397 
11350 
8559 
429 
3707 
3307 
12418 
9792 
2827 
9261 
11027 
13125 
550 
1765 
3184 
11438 
2456 
5922 
11535 
118 
9728 
618 
8042 
6940 
8517 
11968 
12973 
4552 
11646 
5165 
8946 
7297 
12194 
7839 
7761 
9660 
2644 
6480 
7373 
1822 
1664 
6362 
159 
4364 
415 
4252 
10826 
559 
4049 
1224 
10438 
10185 
5199 
2550 
10379 
4399 
11323 
10808 
9496 
3265 
6704 
7514 
472 
12551 
8001 
11051 
5000 
512 
5577 
6848 
2154 
9699 
10049 
5531 
6708 
10974 
2301 
4066 
4363 
440 
11539 
4074 
5212 
12444 
62 
4492 
221 
6965 
11570 
1688 
1989 
4503 
10332 
11442 
2252 
8481 
12885 
5774 
3450 
4117 
7980 
8079 
12325 
1509 
6977 
7780 
11151 
10377 
5746 
8852 
7646 
580 
11729 
4837 
9779 
12451 
4011 
3999 
3562 
91 
12005 
4321 
11542 
726 
1830 
8323 
354 
6824 
2619 
10029 
2441 
8198 
4619 
4257 
4715 
6281 
3044 
4534 
11337 
8623 
1568 
9707 
11993 
13024 
1779 
11007 
8610 
3207 
12346 
2 
8679 
9528 
11879 
787 
10508 
2477 
6582 
11321 
4694 
5848 
7233 
13021 
10326 
727 
12001 
11173 
9088 
6269 
5850 
4208 
350 
12584 
9861 
9394 
10249 
6887 
514 
10629 
7206 
11024 
6270 
3181 
10686 
5475 
10734 
9697 
8084 
12735 
9733 
2061 
11317 
11495 
34 
4369 
12983 
7769 
10397 
4568 
1089 
328 
1623 
3580 
8665 
619 
11280 
11544 
8370 
9882 
8183 
12854 
4679 
8151 
941 
11236 
6856 
1031 
10922 
4849 
7929 
2606 
10364 
7902 
3844 
5856 
4134 
7786 
5873 
597 
319 
12148 
8786 
2869 
10358 
740 
11146 
4648 
4774 
7763 
12137 
12563 
864 
1791 
8608 
3873 
9748 
11600 
6059 
9193 
7053 
2097 
12557 
1566 
6913 
7141 
5530 
910 
10625 
1737 
11981 
1923 
13140 
2824 
5363 
9705 
1916 
5063 
12544 
13224 
8767 
9674 
10876 
12331 
7145 
5913 
631 
7987 
5570 
9582 
9782 
12907 
3470 
5253 
3782 
7743 
3924 
4527 
11969 
2974 
4223 
7409 
395 
10247 
670 
7647 
5638 
9500 
3910 
1511 
2778 
10082 
10913 
6295 
2622 
9373 
4556 
11113 
7279 
2440 
1786 
2157 
4758 
11777 
9803 
10643 
4865 
1819 
4474 
11049 
6802 
7766 
8058 
3306 
657 
6331 
11408 
10744 
4990 
4258 
6860 
6084 
10323 
8860 
7221 
12167 
1904 
10233 
9008 
1742 
6196 
5334 
9771 
13063 
2123 
9974 
5299 
11186 
8371 
870 
12898 
5152 
10320 
3976 
10617 
5957 
12732 
3918 
11040 
11916 
6189 
7479 
634 
6334 
12384 
3356 
12079 
611 
4417 
12080 
2361 
6166 
7364 
2438 
2159 
12288 
1513 
6992 
3059 
8486 
12429 
10223 
7241 
5497 
8179 
8981 
5159 
7760 
8985 
8153 
6324 
1095 
9878 
338 
13156 
4676 
2631 
4410 
2521 
3612 
12037 
12688 
11866 
8941 
12038 
8865 
5356 
6557 
3721 
1842 
9196 
10427 
13000 
3511 
11635 
10148 
844 
1675 
8461 
2223 
6715 
11122 
11277 
8546 
2552 
8421 
2937 
7856 
6438 
10063 
10831 
1322 
4586 
10316 
791 
12353 
12269 
6750 
6896 
7211 
9737 
7396 
2295 
2788 
10534 
7727 
3974 
7443 
9410 
1604 
8110 
7488 
8195 
5267 
2535 
3952 
2162 
4334 
9880 
7939 
8349 
5279 
523 
8969 
8147 
11357 
4582 
7753 
2984 
6398 
3333 
9266 
7390 
424 
843 
10002 
2653 
9767 
411 
8401 
11548 
10440 
5890 
4570 
3362 
9375 
12661 
2081 
4807 
5281 
1454 
3129 
7878 
7349 
4517 
12704 
10741 
9009 
4319 
6167 
7741 
2388 
2980 
2738 
5095 
2563 
5047 
9811 
10167 
478 
768 
10993 
11262 
7044 
3623 
12221 
11405 
4814 
700 
266 
10626 
7079 
4711 
8972 
9319 
1697 
9627 
7394 
12105 
6153 
6265 
3144 
600 
5117 
7640 
10751 
5413 
1921 
3718 
9725 
5640 
13194 
6599 
10291 
5580 
10490 
9939 
7677 
12362 
6124 
12891 
7720 
10394 
9028 
13236 
3148 
8206 
1240 
6463 
7345 
13211 
995 
2373 
12032 
8989 
4235 
7083 
1820 
12332 
8772 
11310 
2205 
7103 
4962 
2495 
12378 
2032 
4730 
3067 
7963 
4268 
11208 
9086 
2240 
6589 
4483 
1795 
1488 
9521 
10400 
10799 
2545 
11984 
7625 
7499 
905 
5567 
1516 
5040 
572 
12523 
11074 
5891 
2029 
10054 
6416 
2031 
9320 
4632 
1517 
9938 
12575 
4118 
11611 
12422 
516 
5605 
2139 
532 
8753 
7227 
10262 
5681 
7910 
3858 
2712 
10573 
12291 
3086 
2199 
8706 
5972 
10701 
12402 
11559 
3437 
13146 
8364 
10840 
2951 
5988 
8113 
4325 
11861 
6722 
8734 
6912 
1202 
11818 
7818 
1706 
8630 
8671 
1210 
3599 
802 
7167 
11898 
3282 
5056 
13149 
722 
3249 
2596 
12608 
3610 
4064 
9935 
11800 
12722 
676 
3587 
5997 
6485 
3700 
6468 
10722 
4808 
2771 
257 
8589 
3013 
5036 
8690 
11695 
6087 
6843 
4790 
9839 
30 
276 
1074 
52 
2009 
7808 
2721 
5587 
1435 
5798 
6288 
12181 
11637 
11284 
5927 
5272 
9093 
13147 
3848 
10203 
10147 
4137 
5135 
10073 
3179 
10620 
1519 
5304 
377 
8631 
1784 
12992 
4521 
11134 
7055 
3948 
7936 
11485 
5442 
6368 
11020 
11973 
294 
4048 
3394 
4212 
11294 
7524 
12932 
2695 
4019 
2720 
12649 
122 
2544 
4621 
8328 
1237 
1165 
3528 
13072 
12490 
4642 
12172 
12233 
2424 
3278 
6484 
10478 
3177 
2422 
2047 
9442 
859 
6956 
6933 
11701 
6065 
9050 
1544 
11642 
2337 
9818 
2490 
8552 
9132 
1816 
82 
10775 
2010 
7737 
7399 
7672 
5407 
9551 
1007 
416 
12248 
6313 
9208 
5369 
2799 
9886 
12543 
8303 
5015 
2338 
5631 
7956 
11526 
2841 
240 
11922 
3578 
7156 
5408 
8138 
12179 
10532 
11891 
11246 
6734 
6303 
9881 
6401 
2284 
399 
3167 
5017 
10025 
9892 
7820 
4005 
2203 
1083 
12502 
2525 
198 
12894 
10927 
2455 
4311 
8940 
13052 
3027 
10380 
6139 
3255 
11150 
8951 
6554 
13134 
10542 
6397 
1714 
10489 
12831 
2042 
12849 
6537 
11732 
12947 
11198 
4184 
7410 
7176 
6880 
5006 
11229 
1537 
2015 
4346 
585 
488 
9951 
4755 
1410 
5907 
9270 
7779 
1086 
5130 
3348 
8485 
2358 
8822 
10356 
4530 
7550 
443 
1069 
12896 
6889 
3309 
7495 
8398 
9631 
3998 
11827 
3414 
6276 
7545 
2405 
5956 
682 
7384 
9524 
4043 
7363 
3550 
12680 
7791 
3056 
10923 
12843 
4237 
12207 
4604 
11145 
9207 
11844 
7187 
3888 
2678 
11411 
9454 
1498 
2956 
7824 
6429 
884 
11253 
4234 
10886 
3095 
11830 
2860 
4089 
3259 
9125 
3646 
2140 
11065 
8904 
135 
4853 
3786 
12255 
10867 
5651 
8348 
3364 
1384 
6601 
12068 
9170 
3288 
1326 
9330 
6365 
5604 
12579 
4482 
12991 
10305 
6193 
292 
8438 
1993 
7461 
10789 
11960 
10824 
8039 
2060 
11037 
13040 
6855 
10915 
8905 
4812 
3618 
3452 
3504 
11601 
11733 
1100 
7403 
10254 
11512 
3105 
10868 
2090 
1336 
7636 
5825 
5141 
5991 
1718 
3955 
10248 
11250 
12461 
10981 
9060 
2401 
1340 
4540 
13162 
2023 
11558 
10716 
487 
5680 
8761 
2547 
1245 
49 
622 
10499 
8311 
5289 
10528 
5616 
1847 
7056 
8622 
9527 
2593 
11047 
6830 
12820 
8894 
2300 
1482 
12690 
10047 
12808 
5067 
5759 
10500 
6466 
5878 
11107 
9763 
2399 
9123 
9279 
6227 
3577 
1317 
12573 
457 
6210 
8549 
8446 
6305 
3188 
3286 
12823 
12192 
10136 
1655 
6117 
6163 
10537 
2533 
6407 
12056 
12473 
10226 
8359 
2343 
11806 
5543 
5357 
4680 
6693 
9537 
3017 
10208 
4196 
8187 
12742 
6736 
11532 
12235 
6228 
2567 
12018 
1744 
6600 
7922 
11933 
11399 
5812 
9913 
4674 
547 
7739 
6978 
12031 
9070 
6437 
12036 
5735 
6060 
6430 
8918 
11579 
7267 
9806 
10884 
9815 
2852 
5953 
3965 
9453 
4631 
11372 
8962 
10983 
9795 
7606 
3400 
3930 
790 
10166 
2982 
5286 
11518 
5870 
9716 
12654 
10010 
12627 
9735 
5089 
3507 
9985 
10423 
2565 
5622 
7127 
6712 
11190 
2176 
4010 
7713 
4735 
1596 
5898 
1403 
1293 
8501 
6342 
11843 
1694 
7430 
2658 
12793 
466 
7700 
11484 
1868 
11662 
8581 
2146 
11054 
2207 
5167 
9825 
1648 
8982 
7601 
8358 
8775 
2761 
11278 
5529 
4706 
4719 
1027 
10550 
1375 
10934 
3093 
8819 
6096 
1480 
6680 
11031 
2642 
5185 
13018 
5708 
6604 
432 
3860 
10111 
8464 
5510 
12488 
6455 
9244 
4810 
9380 
6725 
1023 
7731 
1898 
9313 
5575 
7081 
11257 
527 
11076 
7805 
8594 
4605 
9583 
9312 
5609 
11025 
7992 
11183 
9879 
4256 
11726 
5395 
2962 
9326 
9943 
10261 
11434 
12153 
1584 
9288 
11261 
1415 
1473 
9431 
7148 
340 
1721 
12393 
522 
10056 
1672 
3638 
4187 
5730 
8932 
11654 
13213 
1267 
2901 
8070 
5437 
11521 
3973 
7955 
9018 
8192 
11463 
10737 
7539 
86 
7395 
6540 
2305 
13030 
849 
5402 
6375 
7404 
7789 
4558 
1908 
4518 
8320 
12199 
2106 
11268 
3310 
6440 
5502 
9616 
11066 
3552 
9682 
3384 
3402 
8100 
8670 
3049 
6137 
503 
6251 
765 
12665 
8262 
6053 
5231 
1895 
4486 
6568 
6477 
9869 
5555 
3388 
10968 
1922 
3419 
6785 
2202 
6556 
3190 
7504 
154 
12951 
11464 
12993 
8150 
9704 
8152 
12338 
7008 
6132 
6897 
6803 
5714 
656 
6385 
10997 
5209 
8290 
3739 
3750 
451 
5264 
583 
5203 
3454 
4501 
5052 
6778 
4157 
400 
3733 
12450 
9977 
59 
2354 
9219 
316 
10999 
12166 
4772 
9546 
8843 
5794 
10450 
509 
12161 
8715 
1271 
8762 
8732 
8321 
12093 
12262 
10321 
9652 
9080 
4110 
6322 
3890 
11554 
8812 
11214 
5945 
5797 
1603 
4207 
8869 
1135 
8660 
12942 
2262 
2391 
4423 
160 
6620 
13227 
5578 
26 
12634 
9769 
12114 
6624 
6326 
11279 
6169 
6685 
6088 
4997 
6881 
8006 
11906 
4058 
5559 
10278 
9040 
9167 
12303 
7928 
6199 
2430 
8657 
1233 
671 
10306 
9421 
3566 
10220 
11490 
5985 
1505 
289 
10673 
5598 
1325 
6062 
227 
2197 
11476 
5071 
1180 
9502 
6749 
8779 
3404 
4584 
2608 
8851 
9239 
1386 
4209 
1968 
2873 
6490 
2356 
12571 
12553 
5809 
4416 
9581 
8752 
12142 
11814 
1897 
7303 
3257 
11686 
3961 
11946 
3915 
8255 
889 
144 
10459 
11077 
7072 
10890 
3532 
58 
4098 
208 
7930 
6969 
938 
7645 
251 
8583 
11904 
7673 
9491 
5831 
11370 
8733 
13019 
5055 
1222 
12091 
10257 
6686 
5947 
7154 
575 
6425 
7520 
9472 
1660 
3161 
3604 
12475 
8399 
6309 
10150 
3808 
9119 
2940 
269 
10236 
7784 
9706 
12576 
9813 
4926 
11515 
5632 
10634 
6845 
7121 
8489 
5139 
11218 
8502 
6697 
5387 
7280 
6435 
6776 
7459 
10953 
6741 
2835 
5014 
644 
10954 
12286 
3984 
6376 
4285 
5996 
5367 
2053 
11924 
1587 
5810 
453 
9117 
1169 
9687 
9420 
12803 
7565 
2874 
9532 
4528 
8645 
3605 
2895 
10602 
9422 
10635 
8161 
12415 
2609 
12497 
8506 
3495 
6475 
12944 
12840 
6025 
2854 
6116 
7931 
12656 
3628 
5321 
9094 
5508 
4213 
6637 
5390 
10796 
13168 
7177 
12076 
1926 
8247 
12943 
1127 
2520 
4551 
11941 
12883 
7067 
2765 
875 
11649 
5676 
3568 
1458 
6957 
11640 
7621 
9402 
3158 
4446 
1527 
12334 
12962 
1834 
12222 
7088 
4436 
6127 
2269 
4741 
4532 
11723 
8845 
11754 
12915 
7142 
10225 
12225 
2306 
2185 
7966 
6474 
8052 
4472 
1006 
6302 
5828 
7116 
1204 
3843 
2080 
4246 
5383 
4873 
4199 
4443 
8743 
6684 
9566 
6871 
2564 
11169 
3753 
5133 
4030 
5333 
6350 
11929 
985 
7710 
4973 
1279 
412 
2376 
7893 
6792 
5703 
4442 
12011 
3429 
4776 
9957 
10976 
11947 
10847 
5013 
12043 
3493 
11734 
2033 
459 
5869 
6109 
9589 
9264 
506 
1613 
3830 
2110 
1106 
4451 
7263 
12734 
7235 
12098 
3680 
534 
2814 
6566 
12668 
9972 
10176 
4297 
5477 
4767 
3216 
9212 
8593 
7377 
8478 
9714 
12556 
7913 
7505 
11680 
6929 
8112 
5486 
921 
3125 
12978 
13073 
7411 
1103 
11315 
1362 
7952 
2845 
1539 
914 
7845 
12249 
2605 
2866 
4843 
6457 
2797 
3626 
232 
2412 
8177 
1526 
8254 
4576 
4876 
6768 
9739 
10902 
2645 
1270 
10374 
3069 
2703 
360 
10530 
7350 
9580 
10034 
5976 
7512 
10311 
2052 
2693 
44 
2810 
6945 
8988 
6859 
1159 
9646 
1681 
13217 
5191 
630 
11728 
3602 
6159 
7561 
4491 
11000 
2654 
7063 
10646 
13210 
8285 
11794 
283 
1828 
7489 
2700 
8281 
12062 
1366 
3932 
653 
1406 
409 
6899 
12301 
12365 
11318 
9166 
8036 
574 
7290 
11627 
3416 
2102 
2443 
239 
4452 
5648 
10742 
12328 
6400 
9289 
9224 
10234 
10141 
1520 
4829 
10201 
9372 
7291 
11633 
1344 
12815 
7293 
1289 
